8.46292	0.243462	-3.03636	-0.0873504	8.46292	0.243462	8.6	0.25	-3.00029	0
8.42074	0.250732	-3.03055	-0.0800715	8.44818	0.251553	8.45	0.25	-3.00027	0
8.39641	0.323888	-1.31397	1.42962	8.56759	0.241943	8.45	0.25	0	0
8.38412	0.255253	-1.25607	0.0487008	8.45582	0.253997	8.45	0.25	0	0
8.30267	0.253089	-1.55184	0.000707311	8.42544	0.254042	8.35	0.25	-1.81979	0
8.22386	0.249411	-1.54662	-0.021348	8.23962	0.24916	8.25	0.25	-1.81978	0
8.03027	0.243687	-2.63142	-0.0626462	7.93286	0.188391	8.05	0.2	-3.99976	-0.99994
7.88642	0.185549	-2.63802	-0.29102	7.84073	0.159858	7.85	0.15	-3.99972	-0.99993
7.71864	0.175049	-2.90841	-0.276233	7.61269	0.155818	7.7	0.15	-2.99982	0
7.56657	0.16062	-2.91637	-0.277934	7.54016	0.159641	7.55	0.15	-2.99982	0
7.46417	0.141779	-2.43812	-0.285226	7.50815	0.0953827	7.45	0.100001	-1.8165	-0.908239
7.33301	0.0764664	-2.43277	-0.427111	7.3426	0.0345312	7.35	0.0500011	-1.81648	-0.90823
7.17958	0.0553098	-2.60256	-0.420533	7.20598	0.00492725	7.2	9.49949e-07	-2.72851	-0.909507
7.04	-0.0102772	-2.59749	-0.530414	7.05406	-0.0533413	7.05	-0.0499992	-2.72849	-0.909499
6.94352	-0.0471564	-2.16757	-0.554949	6.74585	-0.143185	6.95	-0.15	-1.81898	-1.81898
6.82876	-0.16156	-2.1632	-0.7615	6.84972	-0.258748	6.85	-0.25	-1.81896	-1.81897
6.72525	-0.20148	-2.11228	-0.76792	6.66966	-0.346668	6.75	-0.349999	-2.00076	-2.00075
6.62239	-0.335496	-2.1146	-1.00006	6.64329	-0.462604	6.65	-0.449999	-2.00076	-2.00075
6.58957	-0.407773	-1.55741	-1.08729	6.60862	-0.557035	6.6	-0.549999	-0.998836	-1.99769
6.5174	-0.53905	-1.5564	-1.27358	6.56029	-0.650892	6.55	-0.65	-0.99884	-1.99769
6.49094	-0.63322	-1.07351	-1.3764	6.40696	-0.842921	6.5	-0.85	-0.908747	-3.63498
6.42887	-0.849485	-1.10004	-1.71862	6.45805	-1.05268	6.45	-1.05	-0.908739	-3.63494
6.34835	-0.932881	-1.28034	-1.66603	6.38626	-1.15695	6.35	-1.15	-1.81897	-1.81898
6.26631	-1.11734	-1.3209	-1.89294	6.25499	-1.25007	6.25	-1.25	-1.81896	-1.81896
6.35027	-1.31537	-0.110337	-2.3324	6.43125	-1.48148	6.3	-1.45	0.909739	-3.63894
6.3378	-1.52885	-0.144481	-2.53989	6.36328	-1.65656	6.35	-1.65	0.909727	-3.63891
6.2959	-1.62836	-0.445334	-2.40019	6.3228	-1.81431	6.3	-1.8	-0.999494	-2.9985
6.25698	-1.82832	-0.501857	-2.59447	6.24641	-1.95075	6.25	-1.95	-0.999489	-2.99847
6.30526	-2.01944	0.0878675	-2.9083	6.31851	-2.10969	6.3	-2.1	0.999984	-2.99994
6.31159	-2.18983	0.0819098	-2.96736	6.34644	-2.23829	6.35	-2.25	0.999979	-2.99994
6.30556	-2.3425	-0.0186618	-2.90721	6.32593	-2.40018	6.35	-2.4	0	-2.72613
6.30952	-2.51729	-0.0150352	-2.94139	6.34927	-2.55175	6.35	-2.55	0	-2.72611
6.34823	-2.71446	0.296251	-3.13785	6.43125	-2.71878	6.4	-2.7	0.909499	-2.72851
6.38286	-2.86441	0.340381	-3.08199	6.43257	-2.84245	6.45	-2.85	0.909503	-2.72851
6.39289	-3.0105	0.26337	-3.02911	6.46536	-3.00452	6.45	-3	0	-2.99754
6.41479	-3.15433	0.2832	-3.00947	6.44119	-3.14955	6.45	-3.15	0	-2.99754
6.45842	-3.34607	0.506263	-3.16754	6.52249	-3.32007	6.5	-3.3	0.910402	-2.7312
6.50588	-3.49197	0.556062	-3.09905	6.5453	-3.45745	6.55	-3.45	0.910402	-2.7312
6.56916	-3.69445	0.827887	-3.30033	6.6358	-3.59197	6.65	-3.6	1.81722	-2.72583
6.66182	-3.81808	0.944364	-3.15813	6.76011	-3.75457	6.75	-3.75	1.81721	-2.72581
6.70715	-3.98387	0.865304	-3.09701	6.83625	-3.92723	6.8	-3.9	0.907988	-2.72396
6.79094	-4.10942	0.955096	-2.98683	6.85997	-4.05805	6.85	-4.05	0.907976	-2.72393
6.83586	-4.26655	0.896612	-2.94174	6.86943	-4.18507	6.9	-4.2	0.909334	-2.72801
6.90905	-4.39306	0.958255	-2.85634	6.94332	-4.34473	6.95	-4.35	0.90933	-2.72799
6.93316	-4.52185	0.703196	-2.65555	7.05156	-4.49706	7	-4.45	0.910054	-1.8201
7.00281	-4.61985	0.784235	-2.53992	7.04099	-4.55018	7.05	-4.55	0.910054	-1.8201
7.05341	-4.76628	0.845265	-2.58732	7.10252	-4.67934	7.1	-4.7	0.908302	-2.72489
7.11763	-4.88718	0.8891	-2.53446	7.14735	-4.86125	7.15	-4.85	0.908297	-2.72489
7.21004	-5.06631	1.21862	-2.80024	7.3138	-5.05204	7.25	-5	1.81907	-2.72861
7.29189	-5.19491	1.2585	-2.73958	7.30424	-5.15404	7.35	-5.15	1.81907	-2.72861
7.34812	-5.33425	1.17976	-2.67463	7.29446	-5.23429	7.4	-5.3	0.908194	-2.7246
7.42548	-5.46801	1.21004	-2.6412	7.44737	-5.45308	7.45	-5.45	0.90819	-2.72457
7.49572	-5.61553	1.21155	-2.64157	7.63082	-5.61863	7.55	-5.55	1.81974	-1.81974
7.59513	-5.7202	1.29389	-2.54261	7.64356	-5.66706	7.65	-5.65	1.81972	-1.81972
7.65461	-5.84982	1.22704	-2.48654	7.60376	-5.74774	7.7	-5.8	0.90983	-2.72951
7.72924	-5.97432	1.2464	-2.45762	7.7342	-5.95374	7.75	-5.95	0.909826	-2.72948
7.83828	-6.14191	1.62937	-2.78688	7.82165	-6.06822	7.85	-6.1	1.9986	-2.9979
7.93407	-6.26499	1.66474	-2.74654	7.95703	-6.24328	7.95	-6.25	1.99858	-2.99787
8.01015	-6.40005	1.50305	-2.60467	8.17338	-6.44684	8.05	-6.35	1.81738	-1.81739
8.12134	-6.50694	1.57532	-2.51603	8.15891	-6.45335	8.15	-6.45	1.81737	-1.81737
8.18896	-6.62844	1.46045	-2.41697	8.08628	-6.51855	8.2	-6.6	0.909293	-2.72787
8.26676	-6.7589	1.45629	-2.41238	8.25411	-6.74791	8.25	-6.75	0.909293	-2.72787
8.34411	-6.88962	1.46731	-2.42238	8.25648	-6.78122	8.35	-6.85	1.81994	-1.81993
8.43814	-6.99974	1.50356	-2.36798	8.44494	-6.95805	8.45	-6.95	1.81993	-1.81993
8.5034	-7.10944	1.45901	-2.32881	8.39359	-7.01743	8.5	-7.1	1.00006	-3.00018
8.56687	-7.23476	1.43621	-2.35124	8.54925	-7.24433	8.55	-7.25	1.00006	-3.00018
8.67349	-7.38655	1.71406	-2.60388	8.64403	-7.39047	8.65	-7.4	1.99807	-2.99712
8.75002	-7.52724	1.69103	-2.62944	8.73559	-7.5421	8.75	-7.55	1.99808	-2.99712
8.80622	-7.63431	1.37349	-2.33481	8.87176	-7.71912	8.8	-7.65	0.909955	-1.8199
8.87269	-7.76463	1.35412	-2.34212	8.84538	-7.75497	8.85	-7.75	0.909946	-1.81988
8.94876	-7.89052	1.43174	-2.41512	8.88333	-7.88636	8.9	-7.9	0.999086	-2.9973
9.00083	-8.02652	1.38546	-2.45433	8.95966	-8.0381	8.95	-8.05	0.999095	-2.9973
9.0365	-8.12034	1.10715	-2.1876	8.8564	-8.01424	9	-8.15	0.909309	-1.8186
9.08641	-8.24603	1.08223	-2.20278	9.05896	-8.24314	9.05	-8.25	0.909301	-1.81859
9.16422	-8.38076	1.25533	-2.37121	9.17781	-8.47056	9.1	-8.4	1.0004	-3.00119
9.20089	-8.52251	1.19207	-2.42974	9.15332	-8.54857	9.15	-8.55	1.00038	-3.00117
9.24257	-8.62992	0.994354	-2.23187	9.22922	-8.6898	9.2	-8.65	0.909508	-1.819
9.28068	-8.76366	0.955388	-2.26088	9.24541	-8.76863	9.25	-8.75	0.9095	-1.81899
9.41147	-8.96862	1.61742	-2.93473	9.37748	-9.00609	9.35	-8.95	1.99965	-3.99928
9.47518	-9.13175	1.57503	-2.97529	9.44703	-9.15328	9.45	-9.15	1.99964	-3.99928
9.51517	-9.23634	1.26442	-2.6511	9.50096	-9.25642	9.5	-9.25	0.999584	-1.99917
9.57015	-9.36846	1.24733	-2.65299	9.54157	-9.35195	9.55	-9.35	0.999584	-1.99917
9.60901	-9.47503	1.08641	-2.484	9.47534	-9.42627	9.55	-9.5	0	-3.00023
9.62522	-9.62687	0.995345	-2.55542	9.54779	-9.64959	9.55	-9.65	0	-3.0002
9.69024	-9.77249	1.10089	-2.67005	9.69942	-9.88416	9.6	-9.8	0.999005	-2.997
9.71428	-9.92546	1.02766	-2.72135	9.64606	-9.9341	9.65	-9.95	0.998995	-2.997
9.73946	-10.0375	0.80263	-2.47146	9.60087	-9.96395	9.7	-10.05	0.909855	-1.81969
9.77441	-10.1693	0.784452	-2.46592	9.73801	-10.1396	9.75	-10.15	0.909847	-1.81969
9.8207	-10.3002	0.801202	-2.48429	9.92627	-10.4745	9.75	-10.3	0	-3.00065
9.82452	-10.4503	0.713766	-2.5506	9.75524	-10.4732	9.75	-10.45	0	-3.00063
9.86911	-10.5986	0.791137	-2.64083	9.71825	-10.5087	9.8	-10.6	0.90817	-2.72451
9.89311	-10.7539	0.745235	-2.66781	9.85048	-10.7526	9.85	-10.75	0.908161	-2.72448
9.91394	-10.8742	0.576927	-2.46902	9.88465	-10.9383	9.85	-10.9	0	-2.73074
9.90851	-11.0319	0.488316	-2.52674	9.83614	-11.041	9.85	-11.05	0	-2.73073
9.93353	-11.1595	0.504408	-2.54667	9.83952	-11.1692	9.85	-11.2	0	-2.99965
9.9173	-11.3173	0.403105	-2.62319	9.84568	-11.3496	9.85	-11.35	0	-2.99961
9.93937	-11.451	0.409665	-2.63157	9.87961	-11.5637	9.85	-11.5	0	-2.99843
9.91594	-11.6103	0.303784	-2.70302	9.83206	-11.6307	9.85	-11.65	0	-2.99843
9.88798	-11.6811	-0.0737119	-2.21182	9.85311	-11.8523	9.8	-11.75	-1.0003	-2.00061
9.8377	-11.8209	-0.186452	-2.28696	9.74928	-11.8442	9.75	-11.85	-1.00029	-2.00059
9.83088	-11.9397	-0.153609	-2.3315	9.69694	-11.9706	9.7	-12	-1.0004	-3.00119
9.76132	-12.0995	-0.305764	-2.43963	9.65354	-12.1497	9.65	-12.15	-1.00039	-3.00116
9.72886	-12.1921	-0.481576	-2.19279	9.72311	-12.3964	9.6	-12.25	-0.999885	-1.99981
9.65206	-12.331	-0.608853	-2.26894	9.54859	-12.3478	9.55	-12.35	-0.999884	-1.99979
9.58721	-12.3875	-0.880737	-1.8749	9.39039	-12.3902	9.45	-12.45	-1.99803	-1.99805
9.47943	-12.5188	-1.03609	-1.97027	9.36086	-12.5501	9.35	-12.55	-1.99804	-1.99804
9.42166	-12.6255	-1.04734	-1.95339	9.34456	-12.7106	9.3	-12.65	-0.909773	-1.81953
9.31517	-12.7563	-1.16544	-2.0149	9.22134	-12.7613	9.25	-12.75	-0.909773	-1.81954
9.21344	-12.7738	-1.5703	-1.3755	9.15326	-13.0031	9.05	-12.85	-3.99257	-1.99629
9.02869	-12.9021	-1.83048	-1.52486	8.84161	-12.9519	8.85	-12.95	-3.99253	-1.99627
8.91216	-12.9538	-1.95463	-1.31542	8.71632	-12.9613	8.75	-13	-1.8213	-0.910651
8.75603	-13.0461	-2.07246	-1.36863	8.66358	-13.0431	8.65	-13.05	-1.8213	-0.910651
8.63298	-13.0713	-2.25285	-1.04884	8.54518	-13.1702	8.5	-13.1	-2.997	-0.999005
8.46289	-13.149	-2.39237	-1.11407	8.35763	-13.1557	8.35	-13.15	-2.997	-0.998995
8.30366	-13.1442	-2.64465	-0.640033	8.22926	-13.1698	8.2	-13.15	-2.72741	0
8.11931	-13.1861	-2.73614	-0.663122	8.03583	-13.1513	8.05	-13.15	-2.72742	0
7.95316	-13.1863	-2.84998	-0.440241	7.82914	-13.0525	7.9	-13.15	-2.72986	0
7.7905	-13.2031	-2.86143	-0.427391	7.76538	-13.1647	7.75	-13.15	-2.72986	0
7.66088	-13.2594	-2.74357	-0.670193	7.66146	-13.3079	7.6	-13.2	-2.9979	-0.999304
7.50143	-13.2914	-2.79404	-0.67305	7.44786	-13.2517	7.45	-13.25	-2.9979	-0.999304
7.3288	-13.2786	-2.93726	-0.360245	7.21108	-13.0985	7.3	-13.25	-2.72846	0
7.17082	-13.2857	-2.92473	-0.335031	7.16011	-13.2382	7.15	-13.25	-2.72844	0
6.99397	-13.2174	-3.1678	0.219821	6.88472	-12.9588	7	-13.2	-2.99784	0.999284
6.84574	-13.1928	-3.13904	0.247845	6.84891	-13.1493	6.85	-13.15	-2.99784	0.999284
6.66867	-13.1617	-3.20264	0.40229	6.77424	-13.2337	6.7	-13.1	-2.72787	0.909275
6.52314	-13.118	-3.12389	0.450174	6.55759	-13.0679	6.55	-13.05	-2.72787	0.909284
6.35999	-13.1224	-3.03575	0.230057	6.40137	-13.0799	6.4	-13.05	-2.72678	0
6.22386	-13.0912	-2.9573	0.271684	6.26174	-13.0534	6.25	-13.05	-2.72678	0
6.0544	-13.0525	-3.02198	0.441502	6.10143	-13.0076	6.1	-13	-2.72966	0.909888
5.91578	-13.0066	-2.95044	0.487966	5.94198	-12.9494	5.95	-12.95	-2.72963	0.90988
5.74263	-12.8889	-3.19721	1.16718	5.79854	-12.8478	5.8	-12.85	-2.99777	1.99851
5.61612	-12.8054	-3.10993	1.2205	5.65107	-12.7365	5.65	-12.75	-2.99778	1.99852
5.45236	-12.7708	-3.01229	0.93979	5.50547	-12.5721	5.55	-12.7	-1.81798	0.908995
5.34986	-12.6925	-2.85444	1.00169	5.43839	-12.652	5.45	-12.65	-1.81799	0.908995
5.17878	-12.5843	-2.98319	1.38111	5.27506	-12.4782	5.3	-12.55	-2.72627	1.81753
5.06259	-12.4905	-2.86404	1.4232	5.1307	-12.4684	5.15	-12.45	-2.72625	1.8175
4.90582	-12.4136	-2.86208	1.41841	5.04446	-12.3808	5.05	-12.35	-1.8199	1.81989
4.82595	-12.3036	-2.66858	1.49206	4.92985	-12.2499	4.95	-12.25	-1.81991	1.8199
4.68369	-12.1991	-2.72587	1.66786	4.75061	-11.9803	4.85	-12.15	-1.99928	1.99929
4.63164	-12.0898	-2.51746	1.73121	4.75915	-12.0666	4.75	-12.05	-1.99928	1.99928
4.48782	-11.9735	-2.56824	1.89134	4.69113	-11.9084	4.7	-11.9	-0.908236	2.72471
4.47108	-11.822	-2.2574	2.00174	4.64378	-11.7442	4.65	-11.75	-0.908231	2.7247
4.35756	-11.7476	-2.1644	1.72307	4.59746	-11.6205	4.6	-11.65	-0.909847	1.81971
4.36646	-11.6128	-1.84849	1.82109	4.54975	-11.5706	4.55	-11.55	-0.909843	1.81969
4.23793	-11.4087	-2.14602	2.68798	4.47442	-11.3673	4.5	-11.35	-1.0008	4.0032
4.25812	-11.2272	-1.82913	2.80036	4.44059	-11.1496	4.45	-11.15	-1.0008	4.00321
4.18696	-11.1539	-1.60029	2.17238	4.43713	-11.024	4.45	-11.05	0	1.81614
4.24308	-10.9868	-1.24429	2.2907	4.45136	-10.93	4.45	-10.95	0	1.81612
4.17412	-10.8588	-1.25272	2.31455	4.44745	-10.786	4.45	-10.8	0	2.72555
4.24897	-10.6864	-0.899661	2.43047	4.45788	-10.6457	4.45	-10.65	0	2.72554
4.20422	-10.5625	-0.879504	2.38435	4.46329	-10.5756	4.45	-10.5	0	2.729
4.27399	-10.3892	-0.589168	2.49202	4.44057	-10.3382	4.45	-10.35	0	2.72898
4.25091	-10.2701	-0.53454	2.37207	4.51895	-10.2367	4.5	-10.2	0.908962	2.72687
4.35625	-10.092	-0.204823	2.49675	4.54925	-10.0439	4.55	-10.05	0.908954	2.72685
4.35199	-9.96703	-0.172181	2.43197	4.63224	-9.9707	4.6	-9.9	0.909756	2.72927
4.46294	-9.78949	0.121275	2.549	4.63755	-9.74952	4.65	-9.75	0.909752	2.72926
4.46452	-9.63974	0.100565	2.58937	4.60757	-9.4335	4.7	-9.6	0.90859	2.72578
4.57786	-9.46376	0.360023	2.68609	4.74589	-9.4609	4.75	-9.45	0.908586	2.72576
4.625	-9.35462	0.517072	2.41977	4.89179	-9.39473	4.85	-9.3	1.81967	2.72952
4.77156	-9.17453	0.802438	2.54908	4.94849	-9.13867	4.95	-9.15	1.81967	2.72951
4.83737	-9.07605	0.967656	2.29962	4.95209	-8.96272	5	-9.05	0.999884	1.99977
4.94222	-8.94321	1.1014	2.35486	5.04121	-8.94979	5.05	-8.95	0.999874	1.99974
5.01356	-8.82731	1.15188	2.28284	5.20806	-8.88942	5.15	-8.8	1.81805	2.72708
5.15167	-8.66642	1.3313	2.38	5.26887	-8.63564	5.25	-8.65	1.81803	2.72705
5.24996	-8.57883	1.52487	2.1297	5.3785	-8.56768	5.35	-8.55	1.99956	1.99957
5.37242	-8.44889	1.63516	2.19455	5.44864	-8.42738	5.45	-8.45	1.99954	1.99954
5.47439	-8.34103	1.69476	2.12209	5.56465	-8.44845	5.5	-8.35	0.909045	1.81807
5.55573	-8.23224	1.66609	2.10134	5.53862	-8.24357	5.55	-8.25	0.909045	1.81808
5.64688	-8.11494	1.67189	2.09575	5.64921	-8.02513	5.7	-8.1	2.72608	2.72608
5.78107	-7.97559	1.77184	2.16186	5.85094	-7.95601	5.85	-7.95	2.72606	2.72606
5.89114	-7.86657	1.85257	2.07708	5.93492	-7.84119	5.95	-7.85	1.81801	1.81801
6.01675	-7.74	1.90788	2.11238	6.05986	-7.73559	6.05	-7.75	1.81802	1.81801
6.12673	-7.62759	1.93911	2.08183	6.13741	-7.63243	6.15	-7.65	1.81798	1.81798
6.23712	-7.51857	1.94575	2.07209	6.25659	-7.54336	6.25	-7.55	1.81798	1.81798
6.3556	-7.41364	2.01276	2.00985	6.39143	-7.46358	6.35	-7.45	1.82027	1.82027
6.45436	-7.32216	1.98239	1.9651	6.452	-7.36418	6.45	-7.35	1.82025	1.82025
6.58501	-7.24177	2.21981	1.76015	6.47916	-7.09783	6.6	-7.25	2.99862	1.99908
6.7145	-7.14446	2.26137	1.78818	6.7556	-7.14598	6.75	-7.15	2.99862	1.99908
6.79419	-7.01777	1.98337	2.01212	6.68682	-6.93297	6.8	-7.05	0.908005	1.816
6.88697	-6.92362	1.94428	1.96935	6.86356	-6.94732	6.85	-6.95	0.908	1.81601
7.03594	-6.84108	2.21497	1.75883	7.08741	-6.92602	7	-6.85	2.72856	1.81904
7.15665	-6.74659	2.21217	1.75363	7.15695	-6.75136	7.15	-6.75	2.72854	1.81902
7.2517	-6.63725	2.01909	1.89216	7.29976	-6.68807	7.25	-6.65	1.8202	1.8202
7.35721	-6.54272	2.00546	1.86936	7.35505	-6.56058	7.35	-6.55	1.82018	1.82018
7.53174	-6.48759	2.50836	1.52432	7.53544	-6.5372	7.5	-6.5	2.99964	0.999884
7.65086	-6.4278	2.49102	1.4858	7.65664	-6.46417	7.65	-6.45	2.99964	0.999884
7.77735	-6.34013	2.43197	1.52405	7.67559	-6.34628	7.75	-6.4	1.81709	0.908549
7.88368	-6.29601	2.36592	1.4245	7.85193	-6.35845	7.85	-6.35	1.81709	0.908545
8.01367	-6.21845	2.35486	1.43083	8.03231	-6.28406	8	-6.25	2.72931	1.81954
8.14094	-6.14246	2.34984	1.42404	8.13749	-6.14586	8.15	-6.15	2.72928	1.81952
8.2249	-6.05595	2.11986	1.56011	8.21488	-6.01843	8.25	-6.05	1.99977	1.99976
8.33572	-5.96713	2.13226	1.58622	8.33626	-5.94674	8.35	-5.95	1.99977	1.99976
8.50221	-5.89991	2.48163	1.39273	8.50318	-5.89335	8.5	-5.9	2.72796	0.909326
8.63917	-5.83448	2.47991	1.36789	8.65894	-5.86309	8.65	-5.85	2.72796	0.909321
8.73174	-5.74281	2.15978	1.53547	8.77185	-5.74314	8.75	-5.75	1.81776	1.81775
8.85322	-5.65251	2.16638	1.54977	8.85444	-5.64273	8.85	-5.65	1.81774	1.81773
8.94626	-5.57017	2.03818	1.61293	9.02394	-5.6024	8.95	-5.55	1.99657	1.99656
9.05266	-5.47692	2.04958	1.64306	9.05088	-5.45385	9.05	-5.45	1.99654	1.99655
9.21043	-5.39929	2.41682	1.47382	9.04088	-5.29691	9.2	-5.4	2.72728	0.909094
9.34226	-5.32117	2.41405	1.46662	9.34223	-5.32623	9.35	-5.35	2.72727	0.90909
9.42459	-5.22467	2.05646	1.62279	9.39579	-5.21659	9.45	-5.25	1.81816	1.81815
9.5415	-5.1326	2.0644	1.6307	9.55303	-5.13194	9.55	-5.15	1.81813	1.81813
9.63876	-5.03989	1.9129	1.69226	9.75019	-5.14652	9.65	-5.05	1.82036	1.82036
9.74865	-4.93973	1.92356	1.71075	9.7586	-4.93134	9.75	-4.95	1.82036	1.82037
9.83872	-4.84212	1.78841	1.76239	9.9198	-4.86941	9.85	-4.85	1.81578	1.81577
9.94154	-4.74268	1.79708	1.76945	9.95641	-4.74358	9.95	-4.75	1.81575	1.81575
10.0159	-4.63887	1.6326	1.82925	10.0029	-4.54771	10.05	-4.6	1.82039	2.7306
10.1215	-4.50191	1.6694	1.92046	10.1428	-4.45119	10.15	-4.45	1.8204	2.7306
10.2026	-4.39335	1.60453	1.94218	10.1981	-4.26556	10.25	-4.3	1.81769	2.72652
10.317	-4.2328	1.66268	2.07775	10.3644	-4.16342	10.35	-4.15	1.81768	2.7265
10.4465	-4.126	1.90288	2.00863	10.5985	-4.12247	10.45	-4.05	1.81792	1.81792
10.5549	-3.98902	1.91401	2.07292	10.5415	-3.9454	10.55	-3.95	1.8179	1.8179
10.652	-3.87445	1.84303	2.09091	10.7092	-3.85166	10.65	-3.85	1.81903	1.81904
10.7557	-3.75514	1.848	2.10207	10.7616	-3.75002	10.75	-3.75	1.81902	1.81903
10.7964	-3.63232	1.40395	2.20589	10.795	-3.60617	10.8	-3.6	0.909773	2.72931
10.8729	-3.4929	1.40524	2.24951	10.8527	-3.46164	10.85	-3.45	0.909764	2.72928
10.9795	-3.38339	1.68259	2.19207	10.9584	-3.30584	10.95	-3.3	1.99953	2.99928
11.0677	-3.22912	1.69538	2.30101	11.0447	-3.1561	11.05	-3.15	1.9995	2.99925
11.1035	-3.09935	1.27406	2.37352	11.1178	-2.98807	11.1	-3	0.907725	2.72317
11.1741	-2.92947	1.27863	2.46861	11.1427	-2.86566	11.15	-2.85	0.907708	2.72314
11.2192	-2.79201	1.11674	2.49287	11.1491	-2.68183	11.2	-2.7	0.908929	2.72678
11.281	-2.61528	1.12031	2.58946	11.2525	-2.55311	11.25	-2.55	0.908929	2.72678
11.21	-2.47295	0.166826	2.6991	11.1188	-2.36202	11.2	-2.4	-0.909276	2.72782
11.2116	-2.29938	0.154498	2.75901	11.1594	-2.25598	11.15	-2.25	-0.909276	2.72782
11.3236	-2.14329	0.959305	2.68667	11.2029	-2.09837	11.25	-2.1	1.81915	2.72871
11.3736	-1.98104	0.954951	2.72182	11.3525	-1.95787	11.35	-1.95	1.81913	2.72869
11.3731	-1.83433	0.581871	2.74298	11.3011	-1.79507	11.35	-1.8	0	2.73035
11.3926	-1.68066	0.559767	2.7481	11.3326	-1.67041	11.35	-1.65	0	2.73033
11.3248	-1.54815	-0.0784723	2.77146	11.0622	-1.44342	11.3	-1.5	-0.999165	2.99748
11.3117	-1.3904	-0.0941285	2.81692	11.2595	-1.35818	11.25	-1.35	-0.999155	2.99745
11.259	-1.2401	-0.426396	2.81952	11.1658	-1.23674	11.2	-1.25	-0.909822	1.81964
11.2196	-1.11693	-0.453835	2.73876	11.1524	-1.15803	11.15	-1.15	-0.909822	1.81964
11.0921	-0.990054	-1.17932	2.73408	10.8534	-0.929069	11.05	-0.95	-1.99817	3.99632
11.0225	-0.804181	-1.19893	2.85384	10.9584	-0.728742	10.95	-0.75	-1.99816	3.99632
10.9719	-0.643045	-1.05133	2.8616	10.8608	-0.663121	10.9	-0.649999	-0.908549	1.8171
10.905	-0.513756	-1.06568	2.79085	10.8648	-0.553034	10.85	-0.549999	-0.908532	1.81708
10.7996	-0.370127	-1.43637	2.76463	10.8451	-0.437482	10.75	-0.45	-1.8174	1.81738
10.7088	-0.271966	-1.45326	2.63007	10.6542	-0.347474	10.65	-0.35	-1.8174	1.81738
10.5307	-0.14667	-2.19549	2.56885	10.5062	-0.245062	10.5	-0.25	-2.72796	1.81864
10.399	-0.0660097	-2.20972	2.41813	10.3438	-0.150982	10.35	-0.15	-2.72796	1.81864
10.3085	0.0709002	-2.02585	2.43367	10.4884	-0.0812124	10.25	-0.0999996	-1.81964	0.909826
10.1917	0.099117	-2.02548	2.17241	10.1537	-0.0482457	10.15	-0.0499992	-1.81963	0.909818
10.0354	0.210681	-2.33562	2.14126	9.92588	0.00395802	10	9.49949e-07	-2.73049	0.910169
9.90193	0.206054	-2.33263	1.83875	9.85676	0.0351738	9.85	0.0500011	-2.73047	0.910161
9.74154	0.302493	-2.54536	1.81791	9.63973	0.0585714	9.7	0.0500011	-2.72439	0
9.59732	0.250171	-2.53784	1.44096	9.54669	0.0374948	9.55	0.0500011	-2.72438	0
9.43456	0.326948	-2.68047	1.42907	9.32242	0.112393	9.4	0.100001	-2.72773	0.90923
9.28376	0.300406	-2.67744	1.16895	9.24446	0.153574	9.25	0.15	-2.7277	0.909222
9.12859	0.363957	-2.71631	1.16548	9.0614	0.20077	9.1	0.2	-2.72652	0.908843
8.97641	0.358095	-2.71562	0.992307	8.94752	0.260272	8.95	0.25	-2.72653	0.908843
8.8792	0.419104	-2.32291	1.02612	8.90199	0.247143	8.85	0.25	-1.81847	0
8.75665	0.386398	-2.30686	0.806056	8.76016	0.263752	8.75	0.25	-1.81846	0
8.54082	0.420757	-2.95968	0.751918	8.46355	0.258809	8.55	0.25	-3.6326	0
8.37729	0.374491	-2.9542	0.535243	8.35367	0.252596	8.35	0.25	-3.6326	0
8.22261	0.404926	-2.84331	0.542731	8.05161	0.241868	8.2	0.25	-2.72841	0
8.06733	0.35642	-2.83634	0.349135	8.05411	0.247878	8.05	0.25	-2.72842	0
7.92037	0.376237	-2.72642	0.355161	7.78653	0.205765	7.9	0.2	-2.72708	-0.909025
7.7697	0.290364	-2.72174	0.0946072	7.74339	0.144028	7.75	0.15	-2.72705	-0.909016
7.62617	0.295061	-2.71844	0.0932688	7.77346	0.0969346	7.6	0.100001	-2.73169	-0.910554
7.47634	0.193311	-2.71539	-0.17097	7.45362	0.0452052	7.45	0.0500011	-2.73169	-0.910554
7.31017	0.185542	-2.89935	-0.171904	7.15329	0.0425189	7.3	0.0500011	-2.99789	0
7.16676	0.116383	-2.89562	-0.321811	7.16618	0.0287673	7.15	0.0500011	-2.9979	0
7.08159	0.0934776	-2.35503	-0.331487	7.17215	-0.0469302	7.05	-0.0499995	-1.81811	-1.81813
6.95381	-0.0170707	-2.35256	-0.559939	6.95426	-0.147757	6.95	-0.15	-1.8181	-1.81811
6.85741	-0.0532443	-2.0918	-0.576707	6.83008	-0.250179	6.85	-0.25	-1.81646	-1.81646
6.74618	-0.193552	-2.08893	-0.845076	6.76395	-0.345347	6.75	-0.35	-1.81645	-1.81645
6.66906	-0.248694	-1.82624	-0.876193	6.74798	-0.457727	6.65	-0.45	-1.81901	-1.819
6.56287	-0.409404	-1.8453	-1.15444	6.54569	-0.565853	6.55	-0.549999	-1.81899	-1.81898
6.54181	-0.500039	-1.24241	-1.26353	6.565	-0.754748	6.5	-0.749999	-0.909789	-3.63914
6.46329	-0.724743	-1.28038	-1.64667	6.4494	-0.940848	6.45	-0.949999	-0.909781	-3.63911
6.43078	-0.823002	-1.05214	-1.71229	6.44213	-1.11266	6.4	-1.1	-1.0002	-3.00061
6.36266	-1.05135	-1.10771	-2.06381	6.34405	-1.26138	6.35	-1.25	-1.0002	-3.00061
6.3303	-1.16834	-0.954967	-2.12203	6.39474	-1.36501	6.3	-1.35	-1.00035	-2.00072
6.2714	-1.33599	-0.990989	-2.27327	6.25356	-1.42931	6.25	-1.45	-1.00036	-2.00072
6.28758	-1.49871	-0.45468	-2.5072	6.24787	-1.61119	6.25	-1.6	0	-2.99288
6.25299	-1.675	-0.491646	-2.63108	6.23547	-1.75335	6.25	-1.75	0	-2.99285
6.29328	-1.87329	0.0310724	-2.89606	6.41111	-1.93027	6.3	-1.9	0.909739	-2.72921
6.30366	-2.03709	0.04549	-2.90592	6.34873	-2.05372	6.35	-2.05	0.909735	-2.72921
6.31144	-2.19628	0.0212116	-2.88979	6.53066	-2.26346	6.35	-2.2	0	-2.72782
6.32506	-2.34466	0.0486559	-2.86299	6.36917	-2.33894	6.35	-2.35	0	-2.72779
6.33208	-2.50709	0.100584	-2.89449	6.27034	-2.51837	6.35	-2.55	0	-3.63689
6.33284	-2.69121	0.0819097	-2.95396	6.34287	-2.73391	6.35	-2.75	0	-3.63689
6.38119	-2.89336	0.423718	-3.17705	6.45883	-2.92313	6.4	-2.9	0.908854	-2.72658
6.41248	-3.06285	0.441172	-3.16338	6.43866	-3.06257	6.45	-3.05	0.908859	-2.72658
6.448	-3.24745	0.529832	-3.22541	6.49154	-3.20004	6.5	-3.2	0.908863	-2.72658
6.49887	-3.38899	0.586828	-3.13848	6.53579	-3.34211	6.55	-3.35	0.908855	-2.72655
6.54014	-3.56754	0.624077	-3.1634	6.70146	-3.53446	6.6	-3.5	0.908714	-2.72613
6.60232	-3.6976	0.69678	-3.057	6.64657	-3.63945	6.65	-3.65	0.908702	-2.72611
6.64939	-3.87338	0.761718	-3.10474	6.70956	-3.81739	6.7	-3.8	0.909565	-2.72871
6.71404	-4.00958	0.820756	-3.0213	6.74885	-3.96368	6.75	-3.95	0.909561	-2.72869
6.75125	-4.169	0.773045	-2.98452	6.73758	-4.06653	6.8	-4.1	0.908566	-2.72568
6.81856	-4.29886	0.836149	-2.90099	6.85796	-4.25464	6.85	-4.25	0.908561	-2.72569
6.9063	-4.49591	1.13161	-3.13249	7.10395	-4.49091	6.95	-4.4	1.81821	-2.72732
7.00107	-4.62134	1.21545	-3.01906	7.04679	-4.55716	7.05	-4.55	1.81822	-2.72732
7.05207	-4.77311	1.11299	-2.93695	7.02393	-4.64459	7.1	-4.7	0.91085	-2.73253
7.12783	-4.90512	1.15424	-2.86765	7.13435	-4.85502	7.15	-4.85	0.910837	-2.73251
7.16877	-5.03182	1.01054	-2.7491	7.24619	-4.97656	7.2	-4.95	1.00033	-2.00068
7.2419	-5.12537	1.07422	-2.64526	7.25317	-5.04605	7.25	-5.05	1.00033	-2.00066
7.3319	-5.29363	1.41533	-2.92673	7.22054	-5.09604	7.35	-5.2	1.9976	-2.9964
7.42152	-5.40726	1.46667	-2.84838	7.43604	-5.34825	7.45	-5.35	1.9976	-2.9964
7.45457	-5.5197	1.10801	-2.54833	7.40989	-5.38617	7.5	-5.45	0.908252	-1.8165
7.53701	-5.62544	1.16508	-2.4655	7.55662	-5.56714	7.55	-5.55	0.908244	-1.81648
7.61437	-5.77588	1.35214	-2.62318	7.39379	-5.52612	7.65	-5.7	1.81785	-2.72677
7.71796	-5.88616	1.42458	-2.53945	7.76459	-5.8425	7.75	-5.85	1.81785	-2.72677
7.75794	-5.98987	1.10066	-2.26621	7.84699	-6.00602	7.8	-5.95	0.909078	-1.81815
7.83769	-6.08722	1.15023	-2.20023	7.85921	-6.04502	7.85	-6.05	0.909073	-1.81815
7.93094	-6.23603	1.40677	-2.41748	7.89511	-6.1416	7.95	-6.2	1.8197	-2.72955
8.02221	-6.36038	1.43843	-2.3946	8.05619	-6.36041	8.05	-6.35	1.81969	-2.72953
8.12455	-6.51311	1.59889	-2.53249	8.2234	-6.53735	8.15	-6.5	1.8187	-2.72807
8.22438	-6.64604	1.62556	-2.51501	8.25446	-6.64851	8.25	-6.65	1.81869	-2.72804
8.2734	-6.746	1.29565	-2.22652	8.32206	-6.77114	8.3	-6.75	0.908979	-1.81795
8.34062	-6.86266	1.28961	-2.21502	8.31728	-6.8399	8.35	-6.85	0.908979	-1.81795
8.40985	-6.98371	1.31247	-2.23576	8.2713	-6.91098	8.4	-7	0.909094	-2.72732
8.46517	-7.12656	1.27034	-2.28447	8.44183	-7.15372	8.45	-7.15	0.909102	-2.72732
8.56371	-7.28094	1.50405	-2.49796	8.54154	-7.25975	8.55	-7.3	1.81751	-2.72628
8.64367	-7.43317	1.49262	-2.53093	8.65899	-7.4699	8.65	-7.45	1.81752	-2.72628
8.69715	-7.54232	1.22028	-2.27691	8.83598	-7.68162	8.7	-7.55	0.908615	-1.81723
8.76853	-7.65881	1.23238	-2.25653	8.76769	-7.64094	8.75	-7.65	0.908607	-1.81721
8.86356	-7.81076	1.47528	-2.48409	8.77916	-7.72457	8.85	-7.8	1.8215	-2.73224
8.94746	-7.94703	1.48132	-2.4829	8.95669	-7.95155	8.95	-7.95	1.82148	-2.73221
9.03186	-8.08109	1.52772	-2.52678	9.1081	-8.22433	9	-8.1	0.999025	-2.99707
9.08933	-8.22438	1.48193	-2.56935	9.05476	-8.24211	9.05	-8.25	0.999015	-2.99704
9.1266	-8.31889	1.11514	-2.21215	9.13825	-8.4037	9.1	-8.35	0.908285	-1.81657
9.17338	-8.44925	1.08145	-2.23542	9.14025	-8.44981	9.15	-8.45	0.908268	-1.81655
9.24461	-8.58475	1.17858	-2.33148	9.22081	-8.59155	9.2	-8.6	0.91012	-2.73036
9.28656	-8.73459	1.1226	-2.3855	9.25031	-8.76071	9.25	-8.75	0.910112	-2.73033
9.35303	-8.87112	1.16324	-2.42692	9.30208	-8.90831	9.3	-8.9	0.909524	-2.72856
9.39078	-9.02597	1.10005	-2.48119	9.34431	-9.04587	9.35	-9.05	0.909524	-2.72856
9.4573	-9.16336	1.19643	-2.58163	9.39993	-9.18842	9.4	-9.2	0.999066	-2.99725
9.48712	-9.32435	1.1208	-2.65901	9.4452	-9.37195	9.45	-9.35	0.999075	-2.99724
9.5437	-9.46485	1.08917	-2.62531	9.48751	-9.46421	9.5	-9.5	0.909706	-2.7291
9.5835	-9.6269	1.03989	-2.66943	9.55098	-9.64789	9.55	-9.65	0.909706	-2.7291
9.63693	-9.76242	1.06267	-2.69456	9.57122	-9.75525	9.6	-9.8	1.00048	-3.00143
9.66574	-9.91755	1.00316	-2.74575	9.62408	-9.94149	9.65	-9.95	1.00046	-3.00141
9.69759	-10.033	0.877343	-2.60519	9.61433	-9.96417	9.7	-10.05	0.998785	-1.99755
9.74427	-10.1593	0.884884	-2.59559	9.7457	-10.1502	9.75	-10.15	0.998775	-1.99754
9.76699	-10.2699	0.664647	-2.34728	9.77731	-10.3295	9.75	-10.3	0	-2.72851
9.78613	-10.4179	0.620171	-2.39269	9.76557	-10.4501	9.75	-10.45	0	-2.72849
9.84152	-10.5755	0.763974	-2.55819	9.89592	-10.7137	9.8	-10.6	0.909012	-2.72704
9.86904	-10.7308	0.727302	-2.59336	9.85066	-10.7537	9.85	-10.75	0.909012	-2.72703
9.89126	-10.8421	0.607794	-2.45261	9.84397	-10.9287	9.85	-10.9	0	-3.00318
9.89205	-10.996	0.531982	-2.52751	9.85693	-11.0512	9.85	-11.05	0	-3.00316
9.91625	-11.1204	0.545805	-2.545	9.74773	-11.0482	9.85	-11.2	0	-3.00013
9.90128	-11.2884	0.43867	-2.64323	9.84407	-11.3565	9.85	-11.35	0	-3.00012
9.9264	-11.4258	0.475459	-2.69004	9.79495	-11.4686	9.85	-11.5	0	-2.99592
9.90729	-11.596	0.368606	-2.77721	9.83943	-11.6467	9.85	-11.65	0	-2.99592
9.87712	-11.6748	-0.042914	-2.2424	9.76634	-11.6976	9.8	-11.75	-0.908731	-1.81746
9.8294	-11.8274	-0.15312	-2.31659	9.74774	-11.8511	9.75	-11.85	-0.908731	-1.81746
9.8185	-11.9501	-0.196446	-2.25856	9.7856	-12.1262	9.7	-12	-0.909591	-2.72875
9.74775	-12.1128	-0.342746	-2.35572	9.64482	-12.1455	9.65	-12.15	-0.909582	-2.72873
9.72503	-12.2368	-0.365079	-2.32511	9.57233	-12.2948	9.6	-12.3	-0.908879	-2.72667
9.64431	-12.4079	-0.515194	-2.43126	9.55167	-12.4583	9.55	-12.45	-0.908879	-2.72665
9.57782	-12.4778	-0.813106	-1.99666	9.37132	-12.4833	9.45	-12.55	-1.82006	-1.82006
9.46855	-12.6246	-0.970496	-2.09076	9.359	-12.6499	9.35	-12.65	-1.82005	-1.82005
9.37869	-12.656	-1.30054	-1.58666	9.16109	-12.6848	9.2	-12.75	-3.00047	-2.00033
9.20986	-12.7927	-1.55366	-1.73309	9.028	-12.8337	9.05	-12.85	-3.00048	-2.00033
9.09932	-12.8407	-1.74012	-1.42883	8.85918	-12.7953	8.95	-12.9	-1.81543	-0.907707
8.94423	-12.9501	-1.88471	-1.50698	8.84257	-12.9684	8.85	-12.95	-1.81542	-0.907708
8.83291	-13.018	-1.93548	-1.42085	8.66865	-13.0114	8.7	-13.05	-2.73134	-1.82089
8.66202	-13.1277	-2.09332	-1.50124	8.55319	-13.1445	8.55	-13.15	-2.73135	-1.82089
8.50689	-13.0908	-2.51126	-0.741133	8.27267	-12.996	8.4	-13.15	-2.99683	0
8.33791	-13.146	-2.61636	-0.788611	8.25965	-13.1488	8.25	-13.15	-2.9968	0
8.19418	-13.1939	-2.57841	-0.863172	8.04571	-13.0646	8.1	-13.2	-2.72707	-0.909028
8.01872	-13.2537	-2.65987	-0.896053	7.95841	-13.2508	7.95	-13.25	-2.72705	-0.90902
7.85951	-13.2654	-2.80879	-0.592911	7.86599	-13.4154	7.8	-13.25	-2.7295	0
7.68186	-13.2951	-2.86142	-0.593063	7.62489	-13.249	7.65	-13.25	-2.7295	0
7.52873	-13.297	-2.95424	-0.395141	7.50783	-13.2944	7.5	-13.25	-2.99994	0
7.37428	-13.3052	-2.96547	-0.375115	7.3419	-13.2474	7.35	-13.25	-2.99994	0
7.18927	-13.262	-3.16728	0.077545	7.19781	-13.1973	7.2	-13.2	-2.72698	0.908995
7.03711	-13.2328	-3.10731	0.130439	7.04935	-13.1606	7.05	-13.15	-2.72695	0.908987
6.85749	-13.2036	-3.16038	0.251358	6.79473	-13.0433	6.85	-13.15	-3.63709	0
6.67465	-13.1865	-3.18039	0.255633	6.65123	-13.1604	6.65	-13.15	-3.63709	0
6.50562	-13.1376	-3.29324	0.53724	6.54114	-13.2079	6.5	-13.1	-3.0006	1.00018
6.35199	-13.0945	-3.26181	0.569868	6.35317	-13.0396	6.35	-13.05	-3.0006	1.00019
6.19096	-13.1287	-3.07978	0.0938662	6.27012	-13.1139	6.25	-13.05	-1.81729	0
6.0742	-13.0962	-2.94689	0.156363	6.14459	-13.0471	6.15	-13.05	-1.81729	0
5.89104	-13.0098	-3.1565	0.726441	5.99498	-12.9442	6	-12.95	-2.72861	1.81906
5.78431	-12.9297	-2.98614	0.815087	5.86379	-12.8408	5.85	-12.85	-2.72861	1.81907
5.63188	-12.8767	-3.02162	0.913872	5.73761	-12.8672	5.7	-12.8	-2.99988	0.999964
5.51391	-12.8084	-2.93595	0.962446	5.55118	-12.7486	5.55	-12.75	-2.99985	0.999954
5.37099	-12.7749	-2.89846	0.854098	5.45236	-12.7392	5.45	-12.7	-2.00001	1
5.28107	-12.7039	-2.75906	0.91708	5.35556	-12.6423	5.35	-12.65	-1.99998	0.999994
5.13307	-12.6193	-2.85416	1.202	5.26451	-12.5511	5.25	-12.55	-1.99732	1.99733
5.05408	-12.5236	-2.69117	1.27966	5.13769	-12.4355	5.15	-12.45	-1.9973	1.9973
4.90594	-12.446	-2.72486	1.38564	5.1317	-12.5744	5.05	-12.35	-1.8206	1.82059
4.8373	-12.3303	-2.52036	1.47419	4.94432	-12.2438	4.95	-12.25	-1.82058	1.82058
4.69285	-12.1863	-2.69808	2.01581	4.89215	-12.1623	4.85	-12.1	-1.9998	2.99969
4.63961	-12.0463	-2.49186	2.10333	4.75047	-11.9578	4.75	-11.95	-1.9998	2.9997
4.52142	-11.966	-2.41948	1.88406	4.6421	-11.7788	4.7	-11.85	-1.00002	2.00003
4.49825	-11.8312	-2.17449	1.97745	4.63967	-11.7513	4.65	-11.75	-1.00001	2.00002
4.37863	-11.6952	-2.26912	2.26083	4.58347	-11.632	4.6	-11.6	-0.998955	2.99688
4.38563	-11.5366	-1.96867	2.36817	4.56619	-11.4576	4.55	-11.45	-0.99896	2.99689
4.27998	-11.3969	-2.01659	2.50492	4.46846	-11.2092	4.5	-11.3	-1.00106	3.00319
4.29228	-11.227	-1.73472	2.61058	4.46017	-11.1425	4.45	-11.15	-1.00106	3.00319
4.22165	-11.1509	-1.5451	2.09462	4.43672	-11.0976	4.45	-11.05	0	1.8168
4.25705	-10.9966	-1.24811	2.19245	4.43803	-10.9525	4.45	-10.95	0	1.81679
4.18787	-10.8696	-1.29241	2.3087	4.40556	-10.7068	4.45	-10.8	0	3.00139
4.25392	-10.7111	-0.970625	2.41828	4.45507	-10.6618	4.45	-10.65	0	3.00138
4.22919	-10.642	-0.804017	2.0186	4.44716	-10.5583	4.45	-10.55	0	2.00041
4.2934	-10.5016	-0.546095	2.11764	4.45187	-10.4417	4.45	-10.45	0	2.00038
4.26331	-10.3892	-0.557789	2.14564	4.45602	-10.2142	4.5	-10.3	0.999584	2.99875
4.36292	-10.228	-0.242206	2.27948	4.55349	-10.1343	4.55	-10.15	0.999574	2.99871
4.34124	-10.0875	-0.301189	2.4036	4.56608	-10.005	4.55	-10	0	2.72717
4.4213	-9.91233	-0.0628061	2.51147	4.55922	-9.84124	4.55	-9.85	0	2.72714
4.43443	-9.80032	0.0518069	2.2898	4.62339	-9.6559	4.65	-9.7	1.8193	2.72895
4.56402	-9.61776	0.36289	2.43501	4.7439	-9.53522	4.75	-9.55	1.81929	2.72894
4.56951	-9.47665	0.291151	2.56253	4.74852	-9.27389	4.8	-9.4	1.00006	3.00019
4.68779	-9.30199	0.544233	2.68513	4.8446	-9.24095	4.85	-9.25	1.00005	3.00015
4.76745	-9.23362	0.867273	2.17066	4.98605	-9.20516	4.95	-9.15	2.00004	2.00005
4.89404	-9.08488	1.0698	2.27711	5.02283	-9.03066	5.05	-9.05	2.00004	2.00004
4.92803	-8.95064	0.93473	2.47323	5.12819	-8.95913	5.1	-8.9	0.999704	2.99911
5.04102	-8.78971	1.09618	2.57015	5.14109	-8.73073	5.15	-8.75	0.999689	2.99907
5.15186	-8.70245	1.39654	2.16281	5.33883	-8.81618	5.25	-8.65	1.81848	1.81849
5.27671	-8.56572	1.51015	2.21612	5.36408	-8.56805	5.35	-8.55	1.81846	1.81846
5.33184	-8.43455	1.38839	2.36978	5.38848	-8.31037	5.45	-8.4	2.00068	3.00103
5.45356	-8.28644	1.5137	2.45005	5.53874	-8.25196	5.55	-8.25	2.00066	3.00099
5.56583	-8.19314	1.76115	2.16629	5.56632	-8.04704	5.65	-8.15	1.99952	1.99953
5.68694	-8.06693	1.83931	2.21619	5.7459	-8.05196	5.75	-8.05	1.9995	1.9995
5.76666	-7.94635	1.76222	2.29847	5.78426	-7.91676	5.8	-7.95	0.999944	1.99989
5.84767	-7.84422	1.74297	2.26952	5.84978	-7.88144	5.85	-7.85	0.999939	1.99988
5.94828	-7.74004	1.83717	2.17369	5.92249	-7.69769	5.95	-7.75	1.99772	1.99772
6.03845	-7.63526	1.83212	2.16468	6.04031	-7.64732	6.05	-7.65	1.99771	1.9977
6.15382	-7.52729	1.92568	2.07409	6.16773	-7.55437	6.15	-7.55	1.8199	1.8199
6.24859	-7.42634	1.89835	2.04224	6.23866	-7.45306	6.25	-7.45	1.8199	1.81991
6.38239	-7.34748	2.18817	1.77913	6.25322	-7.17734	6.4	-7.35	2.99605	1.99736
6.51138	-7.24857	2.23252	1.80845	6.55461	-7.24907	6.55	-7.25	2.99605	1.99736
6.6602	-7.16618	2.399	1.66772	6.67172	-7.23041	6.65	-7.2	1.8206	0.910303
6.76898	-7.1031	2.3427	1.59711	6.74664	-7.15616	6.75	-7.15	1.8206	0.910298
6.8545	-7.00331	2.1353	1.76547	6.79888	-6.99594	6.85	-7.05	1.99848	1.99848
6.95372	-6.92903	2.11546	1.73213	6.95342	-6.96092	6.95	-6.95	1.99846	1.99846
7.10038	-6.85311	2.3028	1.58626	7.17955	-6.9446	7.1	-6.85	2.72688	1.81792
7.23802	-6.75133	2.32953	1.62234	7.24929	-6.7261	7.25	-6.75	2.72688	1.81792
7.33599	-6.64798	2.10205	1.78394	7.42782	-6.72337	7.35	-6.65	1.81821	1.81821
7.455	-6.54801	2.10958	1.78945	7.46332	-6.54842	7.45	-6.55	1.81821	1.81821
7.58862	-6.45835	2.23083	1.7072	7.54452	-6.5069	7.55	-6.5	1.81726	0.908632
7.68381	-6.40331	2.16453	1.60988	7.65373	-6.46481	7.65	-6.45	1.81726	0.908632
7.8515	-6.34017	2.48838	1.39738	7.8635	-6.45394	7.8	-6.4	2.72951	0.909839
7.96628	-6.29544	2.43564	1.31714	7.94162	-6.34466	7.95	-6.35	2.72948	0.909826
8.04278	-6.20584	2.15248	1.49502	7.89525	-6.11857	8.05	-6.25	2.00047	2.00048
8.14216	-6.1383	2.13415	1.47546	8.12355	-6.14389	8.15	-6.15	2.00048	2.00048
8.27112	-6.0627	2.20961	1.43057	8.31423	-6.05705	8.3	-6.05	2.72702	1.81801
8.4092	-5.97298	2.24552	1.46223	8.45315	-5.97158	8.45	-5.95	2.727	1.818
8.51875	-5.89898	2.22394	1.47408	8.53167	-5.90349	8.55	-5.9	2.00127	1.00064
8.63186	-5.82684	2.22741	1.47157	8.64207	-5.83392	8.65	-5.85	2.00128	1.00064
8.77288	-5.76608	2.41173	1.37422	8.88764	-5.82241	8.8	-5.75	2.99963	1.99976
8.91036	-5.6749	2.45028	1.43213	8.94256	-5.64534	8.95	-5.65	2.99961	1.99974
9.00834	-5.59692	2.23065	1.53784	9.21669	-5.64514	9.05	-5.55	1.99699	1.997
9.13447	-5.49395	2.26489	1.60291	9.15342	-5.45253	9.15	-5.45	1.997	1.99701
9.22975	-5.39528	2.075	1.69023	9.16723	-5.29709	9.25	-5.35	1.8166	1.81659
9.35177	-5.27877	2.09528	1.74729	9.34852	-5.23619	9.35	-5.25	1.8166	1.81659
9.44695	-5.17617	1.97107	1.80091	9.39027	-5.1041	9.45	-5.15	1.8222	1.82219
9.55524	-5.06786	1.9732	1.823	9.54207	-5.04728	9.55	-5.05	1.82219	1.82219
9.67936	-4.9832	2.16119	1.74782	9.62802	-5.02338	9.65	-5	1.99604	0.998028
9.77514	-4.91605	2.13338	1.69557	9.75	-4.94288	9.75	-4.95	1.99605	0.998028
9.86222	-4.81535	1.90514	1.78186	9.88102	-4.86216	9.85	-4.85	1.81895	1.81894
9.95813	-4.736	1.8848	1.73511	9.94502	-4.76247	9.95	-4.75	1.81894	1.81894
10.0336	-4.63383	1.6706	1.81258	10.0747	-4.62454	10.05	-4.6	1.81966	2.72951
10.1354	-4.50266	1.69533	1.89032	10.1384	-4.4533	10.15	-4.45	1.81965	2.72948
10.2263	-4.39744	1.69689	1.89038	10.1743	-4.32841	10.25	-4.35	1.81908	1.81907
10.3287	-4.27799	1.71661	1.93008	10.3492	-4.25956	10.35	-4.25	1.81908	1.81907
10.4139	-4.18261	1.68111	1.94018	10.56	-4.15868	10.45	-4.1	2.00061	3.0009
10.5194	-4.0339	1.72932	2.0702	10.5557	-3.96034	10.55	-3.95	2.0006	3.0009
10.6356	-3.93554	1.91711	2.02097	10.7738	-3.89129	10.65	-3.85	1.99963	1.99964
10.7394	-3.80161	1.93675	2.10203	10.7394	-3.74821	10.75	-3.75	1.99962	1.99962
10.7576	-3.68792	1.36463	2.23434	10.7674	-3.58281	10.8	-3.6	0.999844	2.99952
10.8419	-3.52094	1.40132	2.37197	10.8596	-3.4348	10.85	-3.45	0.999834	2.99949
10.954	-3.40526	1.7143	2.30926	10.9601	-3.36033	10.95	-3.35	2.00065	2.00064
11.0441	-3.27468	1.72401	2.34714	11.0504	-3.25128	11.05	-3.25	2.00064	2.00064
11.0678	-3.15345	1.27351	2.42662	11.0282	-3.07488	11.1	-3.1	0.998546	2.99563
11.1412	-2.99726	1.29421	2.51335	11.1569	-2.944	11.15	-2.95	0.998526	2.9956
11.1308	-2.85722	0.68514	2.60485	11.1386	-2.78926	11.15	-2.8	0	2.73104
11.167	-2.69087	0.684222	2.66129	11.141	-2.65084	11.15	-2.65	0	2.73102
11.1687	-2.54367	0.431994	2.6936	11.1042	-2.54354	11.15	-2.55	0	1.81785
11.1817	-2.42306	0.410886	2.62392	11.1497	-2.45904	11.15	-2.45	0	1.81785
11.2821	-2.2906	1.03624	2.55547	11.1658	-2.25651	11.25	-2.25	1.99733	3.99465
11.3431	-2.11777	1.05455	2.66743	11.3591	-2.05184	11.35	-2.05	1.99733	3.99465
11.3478	-1.97374	0.669162	2.69352	11.3117	-1.92025	11.35	-1.95	0	1.81854
11.3772	-1.84335	0.655321	2.64858	11.3504	-1.8663	11.35	-1.85	0	1.81853
11.3863	-1.69969	0.444787	2.65954	11.4185	-1.70062	11.35	-1.7	0	2.72762
11.402	-1.54634	0.429112	2.67555	11.3568	-1.53205	11.35	-1.55	0	2.72762
11.3342	-1.40635	-0.234832	2.69371	11.2541	-1.38373	11.3	-1.4	-0.908846	2.72653
11.308	-1.25359	-0.258617	2.70297	11.2429	-1.24238	11.25	-1.25	-0.908846	2.72653
11.2023	-1.11379	-0.909091	2.70586	11.0754	-1.08747	11.15	-1.1	-1.82014	2.73021
11.136	-0.951124	-0.938488	2.73819	11.0544	-0.927069	11.05	-0.949999	-1.82013	2.73021
11.0628	-0.816429	-1.0969	2.73522	10.9247	-0.791254	11	-0.799999	-1.00036	3.00107
10.9976	-0.664578	-1.1154	2.77133	10.9434	-0.640459	10.95	-0.65	-1.00035	3.00104
10.8732	-0.53679	-1.58879	2.74519	10.7146	-0.485949	10.85	-0.5	-2.00003	3.00006
10.7863	-0.385023	-1.60236	2.78028	10.7471	-0.362528	10.75	-0.35	-2.00002	3.00003
10.6891	-0.234186	-1.67178	2.77407	10.6895	-0.304531	10.65	-0.3	-1.81779	0.908892
10.5886	-0.157307	-1.68066	2.58594	10.547	-0.266677	10.55	-0.25	-1.81778	0.908893
10.4331	-0.0439247	-2.24942	2.53254	10.5032	-0.154501	10.4	-0.15	-3.00061	2.00041
10.3093	0.0307049	-2.26395	2.40297	10.2485	-0.0475524	10.25	-0.0499992	-3.0006	2.00041
10.2115	0.154929	-2.12472	2.41763	10.1407	-0.0721585	10.15	-0.0499992	-1.99645	0
10.0961	0.146344	-2.12654	2.09584	10.0313	-0.0518611	10.05	-0.0499992	-1.99644	0
9.95207	0.254644	-2.37519	2.06867	10.0898	-0.00166396	9.9	9.49949e-07	-2.73175	0.910584
9.8134	0.238359	-2.3768	1.74672	9.74695	0.0464954	9.75	0.0500011	-2.73174	0.910584
9.64549	0.318903	-2.71205	1.71513	9.50401	0.0833188	9.6	0.100001	-2.99544	0.998471
9.50502	0.303302	-2.71017	1.46351	9.45825	0.149456	9.45	0.15	-2.99545	0.998471
9.39503	0.390669	-2.36139	1.49707	9.22819	0.16178	9.35	0.15	-1.81963	0
9.2674	0.337193	-2.34541	1.16124	9.24456	0.139817	9.25	0.15	-1.81962	0
9.10776	0.39014	-2.65886	1.13471	9.0729	0.205961	9.1	0.2	-3.00059	1.0002
8.97616	0.368419	-2.64995	0.940484	8.96281	0.250937	8.95	0.25	-3.0006	1.0002
8.82644	0.413115	-2.78424	0.928583	8.84168	0.257617	8.8	0.25	-2.99995	0
8.6857	0.374982	-2.78011	0.719006	8.65606	0.24536	8.65	0.25	-2.99994	0
8.53627	0.410185	-2.82838	0.714999	8.43549	0.247188	8.5	0.25	-2.99323	0
8.38913	0.369743	-2.83208	0.525812	8.34184	0.250769	8.35	0.25	-2.9932	0
8.2467	0.399368	-2.73621	0.531638	8.27073	0.243988	8.2	0.25	-2.73233	0
8.08954	0.361483	-2.74445	0.365378	8.03847	0.260731	8.05	0.25	-2.73234	0
7.9456	0.37881	-2.80488	0.360656	7.98053	0.204587	7.9	0.2	-3.00234	-1.00078
7.79733	0.298995	-2.8134	0.118155	7.73327	0.149199	7.75	0.15	-3.00231	-1.00077
7.63068	0.304207	-2.96289	0.112153	7.46173	0.143776	7.6	0.15	-2.99599	0
7.47993	0.246543	-2.96436	-0.0446825	7.45455	0.149294	7.45	0.15	-2.99596	0
7.3869	0.243701	-2.42207	-0.0327749	7.37986	0.0951006	7.35	0.100001	-1.81801	-0.908998
7.25804	0.165764	-2.41242	-0.221138	7.26713	0.055036	7.25	0.0500011	-1.81801	-0.908998
7.1121	0.153944	-2.57328	-0.222284	7.32548	-0.0461763	7.1	-0.0499995	-2.72495	-1.81664
6.96606	0.0284929	-2.58066	-0.502552	6.93127	-0.133333	6.95	-0.15	-2.72492	-1.81662
6.93908	-0.0135678	-1.75272	-0.543765	7.09668	-0.264116	6.9	-0.25	-0.910634	-1.82126
6.8446	-0.167967	-1.75306	-0.851754	6.84796	-0.34284	6.85	-0.35	-0.910622	-1.82124
6.67574	-0.192665	-2.36334	-0.785948	6.64638	-0.45061	6.7	-0.45	-2.99641	-1.99759
6.55447	-0.355576	-2.37761	-1.09174	6.54772	-0.536719	6.55	-0.549999	-2.99637	-1.99757
6.51649	-0.446503	-1.66932	-1.21354	6.50462	-0.718	6.5	-0.7	-0.909955	-2.72986
6.42523	-0.65159	-1.68498	-1.55501	6.45451	-0.851695	6.45	-0.85	-0.909955	-2.72986
6.40576	-0.760705	-1.19592	-1.68492	6.42547	-0.999512	6.4	-1	-0.999224	-2.99766
6.33972	-0.971311	-1.2306	-1.99573	6.3554	-1.1624	6.35	-1.15	-0.99921	-2.99763
6.28749	-1.09359	-1.07675	-2.05291	6.14523	-1.27904	6.3	-1.3	-0.908722	-2.72618
6.21897	-1.30552	-1.11794	-2.29516	6.2299	-1.45381	6.25	-1.45	-0.908718	-2.72616
6.27501	-1.51654	-0.201692	-2.69214	6.37158	-1.60661	6.3	-1.6	0.910485	-2.73144
6.27415	-1.69464	-0.192163	-2.76385	6.34473	-1.75136	6.35	-1.75	0.910481	-2.73144
6.28265	-1.84657	-0.0641442	-2.82842	6.34	-1.88987	6.35	-1.9	0	-2.99515
6.29095	-2.00243	-0.0484802	-2.86047	6.35828	-2.03886	6.35	-2.05	0	-2.99515
6.29933	-2.16547	-0.0060736	-2.8821	6.45002	-2.23466	6.35	-2.2	0	-2.72856
6.30593	-2.32712	0.00565779	-2.88864	6.34057	-2.34076	6.35	-2.35	0	-2.72854
6.35517	-2.5261	0.370422	-3.10427	6.4979	-2.56206	6.4	-2.5	0.908227	-2.7247
6.3956	-2.67292	0.417775	-3.04445	6.45265	-2.65056	6.45	-2.65	0.908223	-2.72467
6.38555	-2.80885	0.120828	-2.85437	6.46538	-2.81029	6.45	-2.8	0	-2.72732
6.40884	-2.95014	0.158905	-2.81493	6.45762	-2.94003	6.45	-2.95	0	-2.7273
6.45875	-3.1443	0.530717	-3.06303	6.36717	-3.08903	6.5	-3.15	0.909078	-3.6363
6.49783	-3.3168	0.548074	-3.07069	6.54349	-3.33906	6.55	-3.35	0.90907	-3.63626
6.53889	-3.49386	0.606247	-3.1114	6.6454	-3.53435	6.6	-3.5	0.910038	-2.7301
6.59115	-3.6581	0.645709	-3.09239	6.65608	-3.67065	6.65	-3.65	0.910033	-2.7301
6.62651	-3.82668	0.623958	-3.07484	6.70981	-3.81998	6.7	-3.8	0.908095	-2.7243
6.68496	-3.9739	0.680295	-3.01948	6.74422	-3.95901	6.75	-3.95	0.908091	-2.72428
6.71032	-4.12794	0.588017	-2.94717	6.72525	-4.05329	6.8	-4.1	0.910949	-2.73284
6.77015	-4.26682	0.651828	-2.88924	6.83817	-4.25449	6.85	-4.25	0.910945	-2.73284
6.78506	-4.39295	0.497473	-2.76456	6.86491	-4.32753	6.9	-4.35	0.999834	-1.99968
6.85259	-4.49016	0.598739	-2.66165	6.94879	-4.45387	6.95	-4.45	0.999829	-1.99966
6.92844	-4.66725	0.969768	-2.95986	6.99339	-4.57763	7.05	-4.6	1.99653	-2.99479
7.02324	-4.78115	1.07497	-2.87064	7.14339	-4.76622	7.15	-4.75	1.99653	-2.99479
7.05744	-4.90561	0.918331	-2.74165	7.11889	-4.79341	7.2	-4.85	1.00098	-2.00196
7.15205	-4.99512	1.03465	-2.62239	7.25883	-4.94719	7.25	-4.95	1.00097	-2.00194
7.20574	-5.13571	0.998111	-2.59202	7.28536	-5.09276	7.3	-5.1	0.90969	-2.72906
7.28386	-5.25977	1.05207	-2.54475	7.33925	-5.24908	7.35	-5.25	0.909677	-2.72904
7.38068	-5.42949	1.43492	-2.86254	7.33914	-5.30864	7.45	-5.4	1.99976	-2.99964
7.47915	-5.55553	1.49518	-2.81696	7.5499	-5.55354	7.55	-5.55	1.99976	-2.99964
7.52037	-5.66387	1.21503	-2.57958	7.59167	-5.64447	7.6	-5.65	1.00038	-2.00076
7.60386	-5.76726	1.27115	-2.51637	7.64483	-5.73357	7.65	-5.75	1.00037	-2.00074
7.6902	-5.92183	1.42718	-2.64877	7.6402	-5.81769	7.75	-5.9	1.81659	-2.7249
7.79023	-6.05358	1.47626	-2.61157	7.84396	-6.051	7.85	-6.05	1.81659	-2.7249
7.83111	-6.15853	1.13873	-2.32108	7.91394	-6.15143	7.9	-6.15	0.909251	-1.81851
7.91189	-6.27099	1.18168	-2.28237	7.95018	-6.25957	7.95	-6.25	0.909247	-1.81849
7.99358	-6.41177	1.29734	-2.38192	8.10134	-6.38026	8.05	-6.35	1.81576	-1.81577
8.10059	-6.50469	1.38472	-2.28722	8.15891	-6.45832	8.15	-6.45	1.81577	-1.81577
8.20344	-6.65411	1.56803	-2.44439	8.3424	-6.65648	8.25	-6.6	1.8218	-2.73269
8.30637	-6.76971	1.60958	-2.3985	8.33273	-6.74641	8.35	-6.75	1.8218	-2.73269
8.3831	-6.8903	1.49153	-2.29552	8.46635	-6.96022	8.4	-6.9	0.907987	-2.72401
8.45662	-7.02646	1.4702	-2.31953	8.44383	-7.03914	8.45	-7.05	0.907988	-2.72398
8.53631	-7.15269	1.44933	-2.30104	8.53661	-7.23635	8.5	-7.2	0.910054	-2.73014
8.58888	-7.31454	1.38039	-2.38685	8.55761	-7.36836	8.55	-7.35	0.910046	-2.73012
8.66636	-7.44217	1.43297	-2.43542	8.70486	-7.48959	8.65	-7.45	1.99827	-1.99828
8.74412	-7.55919	1.44724	-2.42291	8.7565	-7.55536	8.75	-7.55	1.99828	-1.99828
8.81706	-7.68614	1.40913	-2.38772	8.74707	-7.66927	8.8	-7.7	0.909061	-2.72717
8.87789	-7.83405	1.36832	-2.429	8.85031	-7.85391	8.85	-7.85	0.909053	-2.72715
8.94555	-7.96006	1.31658	-2.38003	8.88546	-7.96913	8.9	-8	0.908945	-2.72688
8.99016	-8.12168	1.24713	-2.4552	8.95085	-8.16397	8.95	-8.15	0.908953	-2.72687
9.05492	-8.25266	1.2224	-2.43102	9.03618	-8.239	9.05	-8.25	1.82026	-1.82027
9.13516	-8.3709	1.25552	-2.39392	9.15149	-8.34807	9.15	-8.35	1.82025	-1.82026
9.21302	-8.50688	1.39554	-2.53126	9.14011	-8.44049	9.2	-8.5	0.999884	-2.99963
9.26571	-8.64496	1.35552	-2.56168	9.22902	-8.65053	9.25	-8.65	0.999874	-2.9996
9.32936	-8.76914	1.34407	-2.55051	9.23666	-8.722	9.3	-8.8	0.999284	-2.99783
9.38108	-8.91654	1.30379	-2.59779	9.36398	-8.95164	9.35	-8.95	0.999284	-2.99784
9.42338	-9.02606	1.04193	-2.32913	9.47823	-9.13791	9.4	-9.05	0.909209	-1.81844
9.46781	-9.16042	1.01246	-2.34675	9.43696	-9.1575	9.45	-9.15	0.90921	-1.81843
9.52637	-9.29318	1.05106	-2.38713	9.44585	-9.27158	9.5	-9.3	0.908483	-2.72543
9.56767	-9.43819	1.01091	-2.42147	9.53884	-9.45193	9.55	-9.45	0.908475	-2.72542
9.63251	-9.58141	1.06144	-2.47488	9.6872	-9.68187	9.6	-9.6	0.909756	-2.72927
9.68055	-9.73158	1.03429	-2.5082	9.67284	-9.75791	9.65	-9.75	0.909739	-2.72923
9.75258	-9.87977	1.14953	-2.63235	9.86489	-10.0711	9.7	-9.9	0.998626	-2.99586
9.78764	-10.0292	1.09506	-2.67693	9.74713	-10.0467	9.75	-10.05	0.998616	-2.99584
9.81618	-10.1382	0.842341	-2.39734	9.75497	-10.1932	9.75	-10.2	0	-2.72857
9.81691	-10.3107	0.72966	-2.4979	9.74697	-10.3629	9.75	-10.35	0	-2.72854
9.86365	-10.457	0.799057	-2.57768	9.77249	-10.4428	9.8	-10.5	0.909773	-2.7293
9.88816	-10.6178	0.750213	-2.62403	9.86261	-10.6462	9.85	-10.65	0.909773	-2.7293
9.90877	-10.7353	0.576387	-2.421	9.86786	-10.8223	9.85	-10.8	0	-2.72846
9.90247	-10.9007	0.482393	-2.50056	9.8455	-10.9408	9.85	-10.95	0	-2.72844
9.92528	-11.0334	0.453634	-2.46616	9.84594	-11.0973	9.85	-11.1	0	-2.72748
9.90489	-11.2055	0.341857	-2.5563	9.83549	-11.2481	9.85	-11.25	0	-2.72745
9.92904	-11.3429	0.385617	-2.61101	9.8926	-11.4631	9.85	-11.4	0	-2.9967
9.91347	-11.5088	0.296326	-2.69463	9.87136	-11.5692	9.85	-11.55	0	-2.99671
9.90983	-11.6271	0.110699	-2.4549	9.89882	-11.7746	9.8	-11.7	-0.909227	-2.72768
9.85122	-11.8096	-0.0484665	-2.57309	9.74749	-11.8623	9.75	-11.85	-0.909218	-2.72765
9.83238	-11.9261	-0.188407	-2.38486	9.75738	-12.0161	9.7	-12	-0.908714	-2.72613
9.75714	-12.103	-0.348038	-2.49829	9.65408	-12.1513	9.65	-12.15	-0.908706	-2.7261
9.71086	-12.1962	-0.570775	-2.18542	9.60373	-12.2428	9.6	-12.25	-0.909639	-1.81931
9.63198	-12.3382	-0.683948	-2.24419	9.54006	-12.3354	9.55	-12.35	-0.90964	-1.8193
9.55547	-12.3973	-0.985303	-1.80655	9.38815	-12.3607	9.45	-12.45	-1.81824	-1.81825
9.44672	-12.5255	-1.11721	-1.88103	9.35049	-12.5377	9.35	-12.55	-1.81823	-1.81823
9.3626	-12.5864	-1.3465	-1.53206	9.33568	-12.8372	9.2	-12.65	-2.72578	-1.81718
9.19811	-12.7205	-1.56671	-1.6587	9.04708	-12.7528	9.05	-12.75	-2.72576	-1.81717
9.10618	-12.8013	-1.60469	-1.59783	8.97697	-12.8161	8.95	-12.85	-1.8192	-1.81921
8.95449	-12.9224	-1.75955	-1.68217	8.84904	-12.9423	8.85	-12.95	-1.81921	-1.81921
8.84437	-12.9892	-1.85038	-1.52807	8.64934	-12.9537	8.7	-13.05	-2.72781	-1.81854
8.66684	-13.1147	-2.03688	-1.63094	8.5479	-13.1496	8.55	-13.15	-2.7278	-1.81853
8.51119	-13.101	-2.45401	-0.867671	8.43462	-13.263	8.4	-13.15	-2.72644	0
8.3356	-13.1617	-2.55099	-0.903844	8.26001	-13.1483	8.25	-13.15	-2.72641	0
8.18523	-13.1525	-2.74972	-0.524783	8.10139	-13.1447	8.1	-13.15	-3.00083	0
8.01666	-13.1844	-2.82271	-0.544553	7.95138	-13.1593	7.95	-13.15	-3.00084	0
7.8676	-13.2303	-2.76856	-0.653564	7.85182	-13.2702	7.8	-13.2	-2.72553	-0.908516
7.68903	-13.2739	-2.83151	-0.675101	7.64076	-13.2654	7.65	-13.25	-2.72554	-0.908516
7.50706	-13.2355	-3.09354	-0.113518	7.51359	-13.2891	7.5	-13.2	-2.72544	0.908483
7.35468	-13.2167	-3.04337	-0.0609846	7.35762	-13.1417	7.35	-13.15	-2.72544	0.908483
7.18835	-13.2228	-3.03243	-0.0852412	7.19553	-13.2012	7.2	-13.15	-2.73035	0
7.04039	-13.2083	-2.98251	-0.0440334	7.05296	-13.1563	7.05	-13.15	-2.73035	0
6.86926	-13.1888	-3.05372	0.120882	6.87644	-13.2105	6.85	-13.15	-3.63616	0
6.69496	-13.1749	-3.06596	0.133392	6.672	-13.1364	6.65	-13.15	-3.63617	0
6.53604	-13.2019	-2.95861	-0.132	6.53838	-13.1322	6.55	-13.15	-1.81656	0
6.41397	-13.1889	-2.85643	-0.0848143	6.46904	-13.1587	6.45	-13.15	-1.81657	0
6.24143	-13.1437	-2.98746	0.250064	6.22921	-13.0167	6.3	-13.1	-2.73109	0.910352
6.11671	-13.1013	-2.88564	0.312205	6.15723	-13.0319	6.15	-13.05	-2.73109	0.91036
5.93097	-12.9934	-3.12744	0.954103	5.95573	-12.8757	6	-12.95	-2.72331	1.81553
5.80522	-12.9109	-3.00832	1.0197	5.85711	-12.8423	5.85	-12.85	-2.72331	1.81554
5.64413	-12.8683	-2.97678	0.934537	5.73901	-12.8863	5.7	-12.8	-2.72842	0.909475
5.51488	-12.7974	-2.88939	0.977946	5.5559	-12.7556	5.55	-12.75	-2.72839	0.909466
5.34565	-12.7025	-2.99638	1.28771	5.41889	-12.699	5.4	-12.65	-2.731	1.82067
5.20991	-12.6093	-2.92115	1.33509	5.23681	-12.5467	5.25	-12.55	-2.731	1.82066
5.04747	-12.5276	-2.94264	1.40124	5.16911	-12.5003	5.15	-12.45	-1.81821	1.8182
4.95745	-12.4173	-2.76214	1.47626	5.04959	-12.3548	5.05	-12.35	-1.8182	1.8182
4.81854	-12.3375	-2.78246	1.54092	4.99996	-12.3538	4.95	-12.25	-1.99957	1.99957
4.76109	-12.222	-2.57633	1.62662	4.86969	-12.1416	4.85	-12.15	-1.99954	1.99955
4.63712	-12.1592	-2.52838	1.47976	4.83937	-12.0439	4.8	-12.05	-0.999954	1.99993
4.62064	-12.0363	-2.25163	1.58995	4.77326	-11.9345	4.75	-11.95	-0.999959	1.99992
4.48676	-11.8855	-2.41723	2.08731	4.5839	-11.6711	4.65	-11.8	-2.0002	3.00031
4.44221	-11.7401	-2.22304	2.17691	4.54148	-11.6336	4.55	-11.65	-2.0002	3.0003
4.34406	-11.6756	-2.10622	1.8275	4.53697	-11.5591	4.55	-11.55	0	1.99749
4.36441	-11.5369	-1.79269	1.93911	4.55238	-11.4548	4.55	-11.45	0	1.99746
4.2397	-11.351	-2.00129	2.53779	4.47604	-11.2089	4.5	-11.25	-0.90916	3.63662
4.2658	-11.1565	-1.66177	2.66717	4.45629	-11.0538	4.45	-11.05	-0.909152	3.63659
4.20546	-11.0922	-1.41223	1.99673	4.39651	-10.8822	4.45	-10.95	0	1.81807
4.26446	-10.9339	-1.07429	2.11602	4.45899	-10.8664	4.45	-10.85	0	1.81808
4.2045	-10.8146	-1.09102	2.16057	4.493	-10.7885	4.45	-10.7	0	2.72865
4.2705	-10.6438	-0.778555	2.28659	4.44058	-10.5544	4.45	-10.55	0	2.72864
4.22864	-10.5194	-0.769134	2.26602	4.44399	-10.3941	4.45	-10.4	0	2.72392
4.29709	-10.3434	-0.493782	2.38946	4.44086	-10.2469	4.45	-10.25	0	2.72391
4.27741	-10.2261	-0.45041	2.29584	4.53204	-10.1814	4.5	-10.1	0.909624	2.72885
4.37955	-10.0428	-0.136724	2.43692	4.54793	-9.94716	4.55	-9.95	0.909615	2.72884
4.37982	-9.92035	-0.0750127	2.31557	4.57622	-9.70975	4.6	-9.8	0.909111	2.72733
4.49188	-9.7363	0.211923	2.45625	4.64364	-9.63888	4.65	-9.65	0.909107	2.72732
4.51844	-9.62323	0.30262	2.29246	4.76627	-9.54952	4.75	-9.5	1.81921	2.7288
4.65737	-9.44228	0.601427	2.43517	4.82761	-9.37054	4.85	-9.35	1.81921	2.7288
4.68941	-9.30625	0.595425	2.4466	4.89701	-9.18082	4.9	-9.2	0.908739	2.72622
4.81663	-9.12083	0.826799	2.57617	4.94177	-9.04086	4.95	-9.05	0.908743	2.72623
4.90661	-9.03163	1.09313	2.17735	5.09012	-9.06486	5.05	-8.95	1.8169	1.81688
5.03633	-8.87863	1.26087	2.26687	5.1385	-8.8446	5.15	-8.85	1.81688	1.81688
5.10811	-8.75569	1.28155	2.23985	5.21345	-8.63875	5.25	-8.7	1.8201	2.73014
5.24479	-8.59515	1.44162	2.33877	5.33853	-8.54729	5.35	-8.55	1.82008	2.73013
5.33398	-8.47506	1.51138	2.25221	5.35874	-8.39385	5.4	-8.45	0.910244	1.82049
5.4317	-8.34858	1.545	2.26359	5.46213	-8.36055	5.45	-8.35	0.910249	1.8205
5.49466	-8.22485	1.4304	2.39771	5.63723	-8.3352	5.55	-8.2	1.99657	2.99484
5.59527	-8.08564	1.50002	2.44818	5.63863	-8.05978	5.65	-8.05	1.99657	2.99485
5.71325	-7.97814	1.74532	2.18007	5.69655	-7.84304	5.75	-7.95	1.81871	1.81872
5.8212	-7.85263	1.77328	2.1966	5.84353	-7.85177	5.85	-7.85	1.81871	1.81871
5.95132	-7.75596	1.99189	1.97322	5.9537	-7.7033	6	-7.75	2.72961	1.81974
6.08592	-7.64158	2.04844	1.99629	6.14453	-7.66253	6.15	-7.65	2.72961	1.81974
6.1885	-7.54277	2.0397	2.00413	6.27	-7.55894	6.25	-7.55	1.9992	1.9992
6.30529	-7.43674	2.07301	2.02289	6.3386	-7.44193	6.35	-7.45	1.99918	1.99918
6.42268	-7.32794	2.09358	2.0046	6.44365	-7.32743	6.45	-7.35	1.81911	1.81911
6.53658	-7.22731	2.08849	1.98408	6.54947	-7.257	6.55	-7.25	1.81909	1.81909
6.65221	-7.13678	2.14588	1.93469	6.71635	-7.22979	6.65	-7.15	1.99996	1.99996
6.75834	-7.03868	2.1438	1.93697	6.7522	-7.03215	6.75	-7.05	1.99996	1.99996
6.89327	-6.95688	2.33786	1.78462	6.81357	-6.96259	6.85	-7	1.99752	0.998765
6.98577	-6.89394	2.27931	1.71716	6.95051	-6.93564	6.95	-6.95	1.99752	0.998765
7.11707	-6.80149	2.3395	1.67256	7.00414	-6.76319	7.1	-6.85	2.73035	1.82023
7.24287	-6.72218	2.33058	1.64429	7.25571	-6.75585	7.25	-6.75	2.73035	1.82023
7.33986	-6.62882	2.20746	1.73271	7.28718	-6.59248	7.35	-6.65	2.0006	2.0006
7.44393	-6.54662	2.19339	1.72029	7.42947	-6.54884	7.45	-6.55	2.00058	2.00058
7.57639	-6.47263	2.34131	1.6197	7.58756	-6.53752	7.55	-6.5	1.99841	0.999204
7.67713	-6.41193	2.30242	1.56786	7.65263	-6.44325	7.65	-6.45	1.99838	0.999195
7.84493	-6.3585	2.67602	1.32662	7.78988	-6.37954	7.8	-6.4	2.99952	0.999844
7.96795	-6.30929	2.64962	1.28418	7.95705	-6.33998	7.95	-6.35	2.99949	0.999829
8.0523	-6.21232	2.1899	1.56514	8.1289	-6.31809	8.05	-6.25	1.81603	1.81603
8.16579	-6.13368	2.17366	1.54534	8.15184	-6.14215	8.15	-6.15	1.81603	1.81603
8.25581	-6.03388	1.99427	1.65241	8.12981	-5.95044	8.25	-6.05	1.81921	1.81921
8.36009	-5.94825	1.98225	1.63855	8.34844	-5.95288	8.35	-5.95	1.81921	1.81921
8.53189	-5.8838	2.44252	1.38138	8.45627	-5.87026	8.5	-5.9	2.729	0.909673
8.65783	-5.82002	2.42305	1.35059	8.64546	-5.83668	8.65	-5.85	2.72898	0.909661
8.79009	-5.74395	2.4427	1.34107	8.68227	-5.68169	8.8	-5.75	2.72771	1.81848
8.93213	-5.66368	2.45949	1.35894	8.95179	-5.66017	8.95	-5.65	2.72772	1.81848
9.01227	-5.57958	2.16582	1.50415	8.99196	-5.51961	9.05	-5.55	1.99939	1.9994
9.13324	-5.48353	2.19529	1.55676	9.15234	-5.45358	9.15	-5.45	1.9994	1.9994
9.25155	-5.39725	2.17475	1.56608	9.25593	-5.41629	9.25	-5.4	1.81776	0.90888
9.36286	-5.32268	2.15602	1.53621	9.3462	-5.33648	9.35	-5.35	1.81776	0.908875
9.41045	-5.21464	1.65728	1.75644	9.35852	-5.15981	9.45	-5.2	1.81545	2.72317
9.51862	-5.09562	1.6946	1.81423	9.55586	-5.07162	9.55	-5.05	1.81542	2.72314
9.62031	-4.99785	1.76931	1.78421	9.60543	-4.91132	9.65	-4.95	1.82145	1.82147
9.73118	-4.8738	1.8009	1.84995	9.75218	-4.8384	9.75	-4.85	1.82146	1.82146
9.84418	-4.77757	1.85813	1.82754	10.0131	-4.84834	9.85	-4.75	1.81961	1.8196
9.95018	-4.67001	1.86685	1.84558	9.9571	-4.66087	9.95	-4.65	1.8196	1.8196
10.0432	-4.57686	1.87914	1.84178	9.99977	-4.51909	10.05	-4.55	1.99827	1.99828
10.1454	-4.46501	1.89803	1.89098	10.1558	-4.43582	10.15	-4.45	1.99826	1.99826
10.2169	-4.35346	1.68077	1.96049	10.1567	-4.25503	10.25	-4.3	1.81693	2.72538
10.3205	-4.21395	1.70701	2.03906	10.3312	-4.16698	10.35	-4.15	1.81692	2.72536
10.4315	-4.10383	1.85169	1.99805	10.3715	-4.04505	10.45	-4.05	1.81951	1.8195
10.5419	-3.97203	1.87115	2.05316	10.5551	-3.94162	10.55	-3.95	1.8195	1.81951
10.6454	-3.85915	1.87602	2.05195	10.6459	-3.84961	10.65	-3.85	1.81817	1.81818
10.7481	-3.74617	1.87521	2.05209	10.746	-3.7455	10.75	-3.75	1.81816	1.81817
10.8447	-3.63329	1.80242	2.06877	10.9384	-3.6422	10.85	-3.6	1.81621	2.7243
10.9492	-3.49183	1.81551	2.13658	10.9457	-3.45027	10.95	-3.45	1.8162	2.7243
10.9861	-3.36953	1.32464	2.23712	11.1095	-3.32648	11	-3.3	0.908632	2.72588
11.0617	-3.21283	1.33328	2.31906	11.0435	-3.16012	11.05	-3.15	0.908632	2.72588
11.1017	-3.08166	1.12778	2.35674	10.9851	-2.95299	11.1	-3	0.909905	2.72971
11.1676	-2.91433	1.13847	2.4495	11.1542	-2.85724	11.15	-2.85	0.909888	2.72968
11.1482	-2.77577	0.572987	2.53324	11.0233	-2.67356	11.15	-2.7	0	2.72847
11.1752	-2.60708	0.567065	2.60385	11.1324	-2.55807	11.15	-2.55	0	2.72844
11.1749	-2.46453	0.315284	2.63371	11.2541	-2.42353	11.15	-2.4	0	2.72732
11.1883	-2.29925	0.309535	2.6828	11.1569	-2.2658	11.15	-2.25	0	2.72732
11.296	-2.14821	1.0065	2.61974	11.2203	-2.08998	11.25	-2.1	1.81905	2.72856
11.3532	-1.9801	1.01084	2.67914	11.3482	-1.94557	11.35	-1.95	1.81905	2.72856
11.2908	-1.8422	0.105266	2.72875	11.3928	-1.80815	11.3	-1.8	-0.90916	2.72747
11.288	-1.67308	0.090463	2.77405	11.2389	-1.64141	11.25	-1.65	-0.909152	2.72745
11.2868	-1.52133	0.0315357	2.77578	11.3341	-1.51762	11.25	-1.5	0	2.72321
11.2845	-1.36078	0.0243608	2.79397	11.2625	-1.34833	11.25	-1.35	0	2.72321
11.2229	-1.21553	-0.472442	2.79609	11.3121	-1.19064	11.2	-1.2	-0.909524	2.72856
11.1898	-1.05981	-0.485041	2.80001	11.1556	-1.0549	11.15	-1.05	-0.909524	2.72856
11.0658	-0.918761	-1.19835	2.78685	10.9982	-0.893223	11.05	-0.9	-1.81945	2.72916
10.9907	-0.752828	-1.21503	2.81717	10.9445	-0.73319	10.95	-0.75	-1.81942	2.72913
10.9264	-0.596485	-1.17035	2.81997	10.8362	-0.586	10.9	-0.599999	-0.909839	2.72952
10.858	-0.441505	-1.17746	2.81954	10.8388	-0.441032	10.85	-0.449999	-0.909822	2.72949
10.6789	-0.325048	-2.07187	2.74857	10.6309	-0.359954	10.7	-0.349999	-2.99538	1.99692
10.5712	-0.211836	-2.0765	2.68776	10.5529	-0.247121	10.55	-0.25	-2.99539	1.99691
10.4804	-0.0582996	-1.88359	2.70631	10.4322	-0.19515	10.45	-0.2	-1.81715	0.908579
10.3733	-0.00599272	-1.88065	2.467	10.3505	-0.143257	10.35	-0.15	-1.81716	0.908579
10.2222	0.119092	-2.24345	2.42869	10.2068	-0.109014	10.2	-0.0999996	-2.73194	0.910655
10.0941	0.129441	-2.23955	2.12417	10.0541	-0.0441275	10.05	-0.0499992	-2.73194	0.910655
9.9434	0.241498	-2.43354	2.10432	9.89001	0.00816785	9.9	9.49949e-07	-2.72481	0.908268
9.80467	0.232067	-2.42925	1.79427	9.75876	0.0560308	9.75	0.0500011	-2.72477	0.90826
9.70198	0.336264	-2.17179	1.81926	9.63528	0.0929341	9.65	0.100001	-1.81759	0.908784
9.58483	0.316386	-2.15599	1.52282	9.56967	0.149506	9.55	0.15	-1.81757	0.908775
9.43892	0.394605	-2.39841	1.4974	9.56225	0.148577	9.4	0.15	-2.72659	0
9.30336	0.340846	-2.39213	1.16066	9.25348	0.150166	9.25	0.15	-2.72658	0
9.15123	0.40234	-2.52756	1.14898	9.0821	0.207802	9.1	0.2	-2.72925	0.909752
9.00288	0.373558	-2.53657	0.921172	8.93575	0.243169	8.95	0.25	-2.72926	0.909752
8.84844	0.421706	-2.67753	0.908406	8.94634	0.26481	8.8	0.25	-2.72783	0
8.69521	0.381421	-2.68121	0.68503	8.64483	0.254352	8.65	0.25	-2.7278	0
8.53922	0.418364	-2.7223	0.681434	8.46866	0.251128	8.5	0.25	-2.72395	0
8.38737	0.369973	-2.71979	0.468979	8.35775	0.250149	8.35	0.25	-2.72395	0
8.23607	0.395027	-2.74636	0.46612	8.28111	0.196974	8.2	0.2	-2.73278	-0.910929
8.08005	0.309568	-2.7489	0.191448	8.03004	0.154113	8.05	0.15	-2.73279	-0.910929
7.85581	0.316831	-3.37434	0.16647	7.74678	0.154598	7.85	0.15	-3.9992	0
7.68111	0.251604	-3.38098	-0.0158053	7.63715	0.143302	7.65	0.15	-3.99916	0
7.59934	0.250567	-2.7212	-0.000569565	7.61982	0.157052	7.55	0.15	-1.99868	0
7.46023	0.214603	-2.72505	-0.0896972	7.43926	0.160393	7.45	0.15	-1.99866	0
7.30767	0.209418	-2.75532	-0.0909386	7.34481	0.102019	7.3	0.100001	-2.72622	-0.908734
7.15954	0.139508	-2.74806	-0.251553	7.16771	0.0463372	7.15	0.0500011	-2.72623	-0.908734
7.05939	0.122943	-2.35495	-0.254651	7.05721	-0.05037	7.05	-0.0499995	-1.81887	-1.81889
6.93507	0.00358573	-2.34572	-0.515225	6.95035	-0.144849	6.95	-0.15	-1.81888	-1.81889
6.84461	-0.0302641	-2.06008	-0.531733	6.87212	-0.243254	6.85	-0.25	-1.81792	-1.81792
6.73722	-0.179992	-2.05328	-0.829481	6.76317	-0.34818	6.75	-0.35	-1.81792	-1.81792
6.64386	-0.229843	-1.94036	-0.843497	6.75759	-0.453523	6.65	-0.45	-1.81881	-1.8188
6.5402	-0.392134	-1.94368	-1.12964	6.56412	-0.553924	6.55	-0.549999	-1.81879	-1.81878
6.4726	-0.466431	-1.68971	-1.17569	6.60439	-0.765755	6.45	-0.749999	-1.81971	-3.63941
6.37055	-0.702945	-1.7275	-1.59982	6.36344	-0.942514	6.35	-0.949999	-1.81969	-3.63937
6.40275	-0.844806	-0.807761	-1.86008	6.35624	-1.10001	6.35	-1.1	0	-2.99522
6.35404	-1.06388	-0.847448	-2.16964	6.36321	-1.25111	6.35	-1.25	0	-2.99519
6.35228	-1.21448	-0.489782	-2.30893	6.30992	-1.40686	6.35	-1.4	0	-2.72817
6.32174	-1.42681	-0.5189	-2.51687	6.35537	-1.55723	6.35	-1.55	0	-2.72817
6.33478	-1.59312	-0.24332	-2.6414	6.50996	-1.74616	6.35	-1.7	0	-2.72628
6.32203	-1.77562	-0.254027	-2.73072	6.35448	-1.83673	6.35	-1.85	0	-2.72628
6.31682	-1.93081	-0.211144	-2.7522	6.38849	-2.02257	6.35	-2	0	-2.73154
6.31025	-2.10057	-0.208443	-2.7958	6.35078	-2.13767	6.35	-2.15	0	-2.73152
6.30629	-2.24637	-0.153347	-2.82717	6.28921	-2.27735	6.35	-2.3	0	-2.99503
6.30169	-2.40383	-0.154073	-2.86406	6.33355	-2.43768	6.35	-2.45	0	-2.99503
6.33941	-2.60472	0.245442	-3.11225	6.30986	-2.56694	6.4	-2.6	0.909996	-2.73
6.37639	-2.75848	0.296568	-3.06786	6.45623	-2.7536	6.45	-2.75	0.91	-2.73
6.41132	-2.94579	0.46408	-3.17872	6.40481	-2.87127	6.5	-2.9	0.907593	-2.72277
6.4705	-3.07333	0.547818	-3.06215	6.54629	-3.01951	6.55	-3.05	0.907584	-2.72274
6.49632	-3.23306	0.443484	-2.98839	6.70928	-3.32749	6.55	-3.25	0	-3.63617
6.52097	-3.41555	0.436551	-3.03035	6.54763	-3.45513	6.55	-3.45	0	-3.63613
6.55966	-3.59776	0.5753	-3.13287	6.52015	-3.55608	6.6	-3.6	0.909673	-2.72901
6.60762	-3.75239	0.614393	-3.08935	6.64571	-3.73674	6.65	-3.75	0.909661	-2.72898
6.64845	-3.92888	0.669197	-3.13061	6.71319	-3.83967	6.75	-3.85	1.81795	-1.81795
6.74381	-4.0253	0.815996	-2.94575	6.85201	-3.93663	6.85	-3.95	1.81793	-1.81793
6.82266	-4.21371	1.00802	-3.08761	7.13409	-4.28567	6.9	-4.15	0.909979	-3.63994
6.90326	-4.35581	1.06906	-3.01946	6.9548	-4.32855	6.95	-4.35	0.909975	-3.6399
6.92948	-4.49016	0.790501	-2.79952	7.00947	-4.44692	7	-4.45	0.907889	-1.81577
7.00468	-4.603	0.870179	-2.6987	7.05586	-4.55105	7.05	-4.55	0.907881	-1.81576
7.06879	-4.76544	0.982978	-2.7871	7.15974	-4.75194	7.1	-4.7	0.909789	-2.72935
7.13595	-4.88658	1.02226	-2.71173	7.13261	-4.82718	7.15	-4.85	0.909777	-2.72933
7.23006	-5.07125	1.32378	-2.95627	7.2829	-5.01975	7.25	-5	1.81861	-2.72792
7.32357	-5.19984	1.37894	-2.87483	7.34301	-5.14642	7.35	-5.15	1.81859	-2.72789
7.37413	-5.32691	1.25116	-2.76949	7.32687	-5.26205	7.4	-5.3	0.999994	-3
7.44489	-5.45748	1.27072	-2.74958	7.46174	-5.44979	7.45	-5.45	0.999999	-3
7.50257	-5.59765	1.19499	-2.68545	7.47116	-5.48352	7.55	-5.55	1.81749	-1.81749
7.60288	-5.70545	1.28062	-2.58709	7.65989	-5.6552	7.65	-5.65	1.81747	-1.81747
7.66371	-5.8377	1.17621	-2.49836	7.78563	-5.85993	7.7	-5.8	0.909598	-2.72881
7.73685	-5.96669	1.19667	-2.47747	7.75276	-5.95823	7.75	-5.95	0.909594	-2.72878
7.80144	-6.10205	1.20186	-2.48185	7.79663	-6.00945	7.85	-6.05	1.81964	-1.81964
7.89983	-6.20159	1.28199	-2.39115	7.95034	-6.15505	7.95	-6.15	1.81962	-1.81962
8.00973	-6.36373	1.64235	-2.70021	8.04642	-6.30578	8.05	-6.3	1.99731	-2.99599
8.11307	-6.47587	1.69426	-2.64309	8.14855	-6.44643	8.15	-6.45	1.99732	-2.99598
8.16168	-6.57897	1.31972	-2.3178	8.26534	-6.60186	8.2	-6.55	0.909111	-1.81822
8.246	-6.68642	1.35144	-2.27025	8.25279	-6.64996	8.25	-6.65	0.909111	-1.81822
8.31919	-6.81096	1.37339	-2.28979	8.2109	-6.73286	8.3	-6.8	0.90845	-2.72534
8.38256	-6.94509	1.3453	-2.3113	8.35448	-6.94719	8.35	-6.95	0.908442	-2.72531
8.49328	-7.10692	1.59625	-2.53584	8.61718	-7.22425	8.45	-7.1	1.81925	-2.72886
8.57133	-7.25103	1.57456	-2.54916	8.54666	-7.24803	8.55	-7.25	1.81924	-2.72886
8.65062	-7.38369	1.51092	-2.49077	8.69659	-7.3744	8.65	-7.35	1.82079	-1.8208
8.748	-7.49142	1.55165	-2.42306	8.74711	-7.43338	8.75	-7.45	1.8208	-1.8208
8.82696	-7.61478	1.60138	-2.46875	8.68846	-7.50096	8.8	-7.6	0.997629	-2.99288
8.88978	-7.7499	1.56122	-2.49928	8.84984	-7.75349	8.85	-7.75	0.997629	-2.99288
8.94284	-7.85526	1.33874	-2.29187	8.77486	-7.80083	8.9	-7.9	0.909127	-2.72742
8.98601	-8.01743	1.26192	-2.37983	8.94604	-8.07116	8.95	-8.05	0.909127	-2.7274
9.0287	-8.12065	1.06801	-2.19301	8.92041	-8.11276	9	-8.15	0.909524	-1.81903
9.06882	-8.24769	1.02681	-2.21301	9.01893	-8.23506	9.05	-8.25	0.909516	-1.81902
9.13191	-8.37681	1.09484	-2.27998	9.04724	-8.3711	9.1	-8.4	0.909922	-2.72975
9.17989	-8.51516	1.06443	-2.31194	9.1628	-8.53304	9.15	-8.55	0.909913	-2.72976
9.2645	-8.67175	1.3162	-2.56415	9.09379	-8.55764	9.25	-8.7	1.8169	-2.72535
9.3358	-8.82389	1.30965	-2.58803	9.3508	-8.85468	9.35	-8.85	1.81688	-2.72532
9.40029	-8.95781	1.24795	-2.52531	9.40597	-8.96981	9.4	-9	0.910219	-2.73069
9.45624	-9.11823	1.2132	-2.57561	9.45338	-9.162	9.45	-9.15	0.910228	-2.73069
9.5188	-9.24897	1.21077	-2.57311	9.51544	-9.36256	9.5	-9.3	0.997908	-2.99371
9.5679	-9.40053	1.17743	-2.62464	9.56994	-9.45148	9.55	-9.45	0.997908	-2.99372
9.59998	-9.50664	0.899607	-2.32951	9.62712	-9.59131	9.6	-9.55	0.909971	-1.81993
9.64418	-9.64523	0.88448	-2.35359	9.64603	-9.66938	9.65	-9.65	0.909954	-1.81992
9.68037	-9.7602	0.787622	-2.24959	9.63311	-9.79216	9.65	-9.8	0	-2.73054
9.69211	-9.91494	0.708835	-2.32567	9.64842	-9.95866	9.65	-9.95	0	-2.73053
9.74877	-10.0581	0.908887	-2.54808	9.61381	-9.98703	9.7	-10.1	0.998187	-2.99456
9.77433	-10.2085	0.857468	-2.60257	9.7516	-10.2483	9.75	-10.25	0.998187	-2.99455
9.82364	-10.3546	0.8827	-2.63145	9.7698	-10.3568	9.8	-10.4	0.909806	-2.7294
9.86477	-10.5114	0.862234	-2.65932	9.8633	-10.5382	9.85	-10.55	0.909797	-2.72938
9.88974	-10.6292	0.675488	-2.44385	9.8617	-10.6917	9.85	-10.7	0	-2.72718
9.89136	-10.7993	0.585626	-2.52993	9.84674	-10.8547	9.85	-10.85	0	-2.72715
9.90723	-10.918	0.478767	-2.40317	9.75887	-10.887	9.85	-11	0	-2.72395
9.90064	-11.0856	0.394376	-2.48701	9.86442	-11.1448	9.85	-11.15	0	-2.72395
9.92307	-11.2231	0.393337	-2.48586	9.87245	-11.316	9.85	-11.3	0	-2.73074
9.90456	-11.3955	0.29282	-2.57295	9.85036	-11.4464	9.85	-11.45	0	-2.73075
9.92132	-11.5373	0.274773	-2.54983	9.93142	-11.6783	9.85	-11.6	0	-2.72396
9.89646	-11.7061	0.176993	-2.62078	9.83174	-11.7336	9.85	-11.75	0	-2.72396
9.8936	-11.8199	0.0846658	-2.49981	9.80843	-11.8702	9.8	-11.9	-1.0005	-3.00149
9.84038	-11.9902	-0.0582163	-2.61078	9.75331	-12.0506	9.75	-12.05	-1.0005	-3.0015
9.78003	-12.0436	-0.539137	-1.95148	9.64519	-12.1714	9.65	-12.15	-1.81799	-1.81797
9.67845	-12.1961	-0.71431	-2.06581	9.55524	-12.2329	9.55	-12.25	-1.81797	-1.81797
9.64227	-12.315	-0.685214	-2.10801	9.47014	-12.4324	9.45	-12.4	-1.82042	-2.73064
9.50401	-12.4959	-0.932364	-2.27039	9.34172	-12.5587	9.35	-12.55	-1.82041	-2.73063
9.42768	-12.5555	-1.18067	-1.89141	9.21558	-12.6577	9.25	-12.65	-1.99893	-1.99891
9.29152	-12.699	-1.37088	-2.01269	9.16462	-12.7506	9.15	-12.75	-1.99891	-1.9989
9.20381	-12.7858	-1.47454	-1.84612	9.08802	-12.8351	9.05	-12.85	-1.81839	-1.81839
9.06229	-12.92	-1.62236	-1.92884	8.95936	-12.9426	8.95	-12.95	-1.81838	-1.81838
8.93211	-12.938	-2.01546	-1.26412	8.8569	-13.1416	8.8	-13	-2.72942	-0.909806
8.76051	-13.0358	-2.16338	-1.33696	8.65422	-13.0444	8.65	-13.05	-2.72941	-0.909806
8.64912	-13.0972	-2.1756	-1.31628	8.49168	-13.0983	8.5	-13.15	-2.99987	-1.99991
8.46613	-13.2024	-2.35865	-1.41409	8.3436	-13.2381	8.35	-13.25	-2.99984	-1.9999
8.30697	-13.1734	-2.71613	-0.729638	8.19421	-13.0768	8.25	-13.2	-1.99797	0.998985
8.17269	-13.1973	-2.7074	-0.705105	8.15674	-13.1486	8.15	-13.15	-1.99797	0.998985
8.02574	-13.2418	-2.67941	-0.760522	7.9999	-13.1879	8	-13.2	-2.73	-0.910004
7.87292	-13.2793	-2.69072	-0.753643	7.85314	-13.2533	7.85	-13.25	-2.73	-0.910004
7.69529	-13.2469	-2.93775	-0.248112	7.57824	-13.1345	7.65	-13.25	-3.62957	0
7.50705	-13.2649	-3.00015	-0.2628	7.45422	-13.2433	7.45	-13.25	-3.62953	0
7.33972	-13.2723	-3.02311	-0.212837	7.33241	-13.2718	7.3	-13.25	-2.7301	0
7.1632	-13.2777	-3.04513	-0.20303	7.13166	-13.2372	7.15	-13.25	-2.73007	0
6.98841	-13.2691	-3.09744	-0.0832198	6.97467	-13.1643	7	-13.25	-2.72703	0
6.83258	-13.2632	-3.06001	-0.0599602	6.84852	-13.2404	6.85	-13.25	-2.727	0
6.65213	-13.2252	-3.18894	0.254387	6.7113	-13.2598	6.7	-13.2	-2.72742	0.909144
6.51153	-13.1919	-3.10115	0.298515	6.55626	-13.1584	6.55	-13.15	-2.72742	0.909144
6.32587	-13.1302	-3.21533	0.584726	6.32545	-12.9303	6.4	-13.1	-2.72703	0.908994
6.19231	-13.0774	-3.10698	0.632668	6.25112	-13.0473	6.25	-13.05	-2.727	0.908995
6.02066	-13.0393	-3.11621	0.657313	6.09711	-13.0021	6.1	-13	-2.73	0.910004
5.8935	-12.9846	-3.00657	0.70123	5.95513	-12.9613	5.95	-12.95	-2.72998	0.909996
5.74388	-12.9465	-3.03272	0.776825	5.89343	-13.1185	5.8	-12.9	-2.99275	0.99759
5.62486	-12.8864	-2.94791	0.822641	5.6635	-12.8347	5.65	-12.85	-2.99275	0.99758
5.45788	-12.8184	-3.01382	1.01476	5.61778	-12.8527	5.55	-12.75	-1.81993	1.81994
5.36491	-12.7204	-2.8286	1.10748	5.45219	-12.6228	5.45	-12.65	-1.81994	1.81994
5.20057	-12.6306	-2.89032	1.28597	5.30917	-12.4284	5.35	-12.55	-1.81722	1.81723
5.13166	-12.5189	-2.66411	1.37923	5.25069	-12.4448	5.25	-12.45	-1.81721	1.81721
4.97804	-12.4149	-2.7424	1.61017	5.13338	-12.4375	5.1	-12.35	-2.72881	1.8192
4.87925	-12.3056	-2.61287	1.65866	4.9499	-12.2734	4.95	-12.25	-2.72881	1.81921
4.74216	-12.2387	-2.55364	1.4805	4.92993	-12.1787	4.9	-12.15	-0.908467	1.81693
4.70466	-12.1135	-2.2959	1.5807	4.84027	-12.0359	4.85	-12.05	-0.908462	1.81692
4.5622	-11.9672	-2.45136	2.04879	4.79909	-11.9738	4.75	-11.9	-1.81788	2.72684
4.51776	-11.8184	-2.22595	2.1327	4.63814	-11.758	4.65	-11.75	-1.81788	2.72683
4.40422	-11.7339	-2.12303	1.8261	4.50688	-11.4491	4.6	-11.65	-0.909963	1.81994
4.39413	-11.5952	-1.85871	1.91758	4.5399	-11.541	4.55	-11.55	-0.909959	1.81992
4.26896	-11.4181	-2.0387	2.44038	4.46798	-11.2692	4.5	-11.35	-0.909227	3.63689
4.28441	-11.2348	-1.72169	2.55655	4.45518	-11.1556	4.45	-11.15	-0.909218	3.63686
4.2157	-11.1642	-1.54244	2.06846	4.47788	-11.2387	4.4	-11.05	-0.909227	1.81845
4.23146	-11.0122	-1.29308	2.16052	4.36691	-10.9529	4.35	-10.95	-0.909222	1.81844
4.16863	-10.9148	-1.21551	1.95619	4.34978	-10.6819	4.4	-10.8	0.9094	2.72823
4.24065	-10.751	-0.870942	2.09131	4.42489	-10.6572	4.45	-10.65	0.909396	2.72819
4.18398	-10.6164	-0.967521	2.32842	4.45256	-10.5332	4.45	-10.5	0	3.00113
4.26564	-10.4457	-0.644876	2.46051	4.44692	-10.3512	4.45	-10.35	0	3.00113
4.2366	-10.3272	-0.600129	2.36195	4.41237	-9.99477	4.5	-10.2	0.999524	2.99855
4.3493	-10.1484	-0.24675	2.51229	4.5556	-10.0446	4.55	-10.05	0.999524	2.99856
4.34022	-10.0269	-0.21979	2.45949	4.57379	-9.85032	4.6	-9.9	0.998267	2.9948
4.46172	-9.84592	0.107047	2.60578	4.65841	-9.75093	4.65	-9.75	0.998262	2.99479
4.50593	-9.75662	0.376319	2.11091	4.60255	-9.4741	4.7	-9.65	0.910924	1.82187
4.61568	-9.60017	0.594891	2.21538	4.74425	-9.53907	4.75	-9.55	0.910928	1.82186
4.63954	-9.46541	0.539977	2.31066	4.78405	-9.35872	4.8	-9.4	0.908038	2.72411
4.75286	-9.30049	0.743435	2.41041	4.87523	-9.25457	4.85	-9.25	0.908033	2.7241
4.80005	-9.1745	0.791124	2.33643	4.92663	-9.02336	4.95	-9.1	1.81851	2.72776
4.92557	-9.00725	0.989791	2.44005	5.04624	-8.96378	5.05	-8.95	1.81852	2.72777
4.98538	-8.87742	1.03138	2.38165	5.1055	-8.72095	5.15	-8.8	1.8165	2.72476
5.13212	-8.69934	1.24874	2.50668	5.26299	-8.64398	5.25	-8.65	1.8165	2.72475
5.24447	-8.60439	1.52278	2.15026	5.34134	-8.5519	5.35	-8.55	1.82159	1.8216
5.36983	-8.46352	1.62295	2.21173	5.43218	-8.43885	5.45	-8.45	1.82157	1.82157
5.45307	-8.33712	1.57691	2.26662	5.5122	-8.36624	5.5	-8.35	0.908054	1.81609
5.53781	-8.21789	1.57072	2.25456	5.54143	-8.23537	5.55	-8.25	0.908054	1.8161
5.68462	-8.14802	1.95352	1.81405	5.72065	-8.20245	5.7	-8.15	2.72851	1.81902
5.81412	-8.037	2.00546	1.84608	5.85207	-8.0316	5.85	-8.05	2.72849	1.81899
5.88623	-7.90702	1.74232	2.12271	5.99121	-7.96746	5.95	-7.9	1.81851	2.72777
6.00878	-7.77193	1.80587	2.17164	6.04955	-7.75139	6.05	-7.75	1.81852	2.72777
6.12788	-7.66865	1.91913	2.05891	6.20599	-7.74241	6.15	-7.65	1.81739	1.81739
6.23693	-7.55588	1.92648	2.05936	6.2473	-7.56333	6.25	-7.55	1.81739	1.81739
6.34955	-7.44791	1.96114	2.02677	6.39144	-7.48582	6.35	-7.45	1.8164	1.81641
6.45055	-7.34514	1.94379	2.00533	6.44526	-7.36223	6.45	-7.35	1.81638	1.81638
6.59084	-7.25808	2.15261	1.82224	6.66209	-7.31025	6.6	-7.25	2.72856	1.81904
6.72308	-7.14846	2.18473	1.84829	6.74856	-7.14204	6.75	-7.15	2.72856	1.81904
6.83302	-7.04117	2.1161	1.90346	6.83447	-7.05268	6.85	-7.05	1.82066	1.82066
6.95445	-6.94061	2.126	1.89738	6.97717	-6.96144	6.95	-6.95	1.82065	1.82065
7.09579	-6.86592	2.35453	1.72352	7.13677	-6.88363	7.1	-6.85	2.99976	1.99984
7.22913	-6.76491	2.39091	1.76246	7.2552	-6.74652	7.25	-6.75	2.99976	1.99984
7.28752	-6.64511	1.98992	2.04322	7.234	-6.59525	7.3	-6.65	0.999384	1.99876
7.37351	-6.54792	1.96093	2.02581	7.33491	-6.53948	7.35	-6.55	0.999369	1.99874
7.59265	-6.49365	2.69595	1.52852	7.67988	-6.69347	7.5	-6.55	2.72747	0
7.6977	-6.46725	2.59263	1.38323	7.64389	-6.55777	7.65	-6.55	2.72745	0
7.8016	-6.37562	2.27148	1.59038	7.94309	-6.60222	7.75	-6.45	1.81623	1.81624
7.89928	-6.31442	2.20902	1.52035	7.84566	-6.34021	7.85	-6.35	1.81623	1.81624
8.05806	-6.24755	2.49502	1.3402	7.9171	-6.24084	8	-6.3	2.72648	0.908821
8.17588	-6.19848	2.44951	1.27718	8.14601	-6.23101	8.15	-6.25	2.72645	0.908817
8.23745	-6.0965	1.89959	1.60611	8.37368	-6.18614	8.25	-6.1	1.81898	2.72847
8.35101	-5.98979	1.92247	1.65101	8.35502	-5.95811	8.35	-5.95	1.81897	2.72844
8.52784	-5.92769	2.44634	1.35705	8.43843	-5.87193	8.5	-5.9	2.72647	0.90883
8.6559	-5.85969	2.43173	1.33938	8.64201	-5.86567	8.65	-5.85	2.72645	0.908817
8.74935	-5.7703	2.14461	1.49101	8.76652	-5.75601	8.75	-5.75	1.81789	1.81788
8.86768	-5.67707	2.148	1.51653	8.85198	-5.65134	8.85	-5.65	1.81789	1.81788
9.00758	-5.60007	2.33683	1.4235	8.91028	-5.47662	9	-5.55	2.73109	1.82073
9.14238	-5.49999	2.35456	1.47599	9.13482	-5.45989	9.15	-5.45	2.73106	1.82072
9.24275	-5.40991	2.13163	1.57858	9.32693	-5.39468	9.25	-5.35	1.81796	1.81795
9.35972	-5.30348	2.13551	1.62348	9.33045	-5.26019	9.35	-5.25	1.81794	1.81793
9.49639	-5.21912	2.29334	1.5559	9.4498	-5.12838	9.5	-5.15	2.72905	1.81937
9.63508	-5.09897	2.32505	1.64077	9.63754	-5.04328	9.65	-5.05	2.72903	1.81935
9.67982	-4.99936	1.77929	1.85525	9.83281	-5.00671	9.7	-4.95	0.998666	1.99733
9.7701	-4.88709	1.78592	1.90075	9.74856	-4.84745	9.75	-4.85	0.998656	1.99731
9.87736	-4.7856	1.83046	1.88377	9.96003	-4.81123	9.85	-4.75	1.8172	1.81719
9.97027	-4.67951	1.81629	1.88668	9.93394	-4.66432	9.95	-4.65	1.81717	1.81717
10.0759	-4.57778	1.84467	1.87654	10.1357	-4.58625	10.05	-4.55	1.82042	1.82043
10.1732	-4.46549	1.83877	1.89692	10.1444	-4.44253	10.15	-4.45	1.82041	1.82042
10.3255	-4.37139	2.21521	1.77637	10.3185	-4.35401	10.3	-4.35	2.72672	1.81782
10.45	-4.26373	2.22184	1.80078	10.4496	-4.24828	10.45	-4.25	2.7267	1.8178
10.4685	-4.14733	1.44113	2.02794	10.5826	-4.11494	10.5	-4.1	0.908764	2.72628
10.556	-4.00251	1.46142	2.10969	10.5542	-3.95161	10.55	-3.95	0.908764	2.72628
10.64	-3.88697	1.49047	2.10226	10.6618	-3.80699	10.65	-3.8	1.8194	2.72911
10.7386	-3.72237	1.52812	2.22459	10.7602	-3.65417	10.75	-3.65	1.81939	2.72908
10.8517	-3.603	1.74163	2.17626	10.8593	-3.57039	10.85	-3.55	1.81839	1.81838
10.9466	-3.47791	1.74072	2.18906	10.9375	-3.46792	10.95	-3.45	1.81838	1.81838
10.9803	-3.35223	1.27844	2.28295	11.0183	-3.30073	11	-3.3	0.908549	2.72563
11.0591	-3.19317	1.2975	2.36599	11.0672	-3.14607	11.05	-3.15	0.908549	2.72564
11.1039	-3.06131	1.1048	2.39981	11.1054	-3.01303	11.1	-3	0.90888	2.72663
11.1654	-2.89771	1.10905	2.47664	11.1428	-2.8481	11.15	-2.85	0.908863	2.72661
11.2097	-2.76063	0.999074	2.49296	11.1758	-2.69942	11.2	-2.7	0.909988	2.72995
11.2662	-2.59069	1.00453	2.57364	11.2495	-2.5409	11.25	-2.55	0.909988	2.72995
11.2102	-2.45248	0.112904	2.67346	11.4549	-2.46508	11.2	-2.4	-0.907692	2.72306
11.211	-2.28082	0.10472	2.73195	11.1705	-2.24061	11.15	-2.25	-0.907683	2.72304
11.3302	-2.12635	0.980317	2.65382	11.2202	-2.08176	11.25	-2.1	1.8219	2.73284
11.3789	-1.97795	0.971352	2.65952	11.3536	-1.97104	11.35	-1.95	1.82188	2.73281
11.362	-1.83414	0.487241	2.68839	11.224	-1.77367	11.35	-1.8	0	2.71996
11.3863	-1.66919	0.482885	2.72892	11.3661	-1.64386	11.35	-1.65	0	2.71993
11.3777	-1.52126	0.252833	2.73721	11.2691	-1.47976	11.35	-1.5	0	2.73448
11.383	-1.36173	0.237696	2.75891	11.3391	-1.34511	11.35	-1.35	0	2.73446
11.2634	-1.23843	-0.742077	2.76501	11.2507	-1.19626	11.25	-1.2	-1.99969	2.99952
11.2149	-1.07856	-0.761702	2.8166	11.1532	-1.04324	11.15	-1.05	-1.99967	2.99949
11.1455	-0.9401	-0.947752	2.81424	10.9697	-0.89157	11.1	-0.9	-1.00006	3.00024
11.0935	-0.777179	-0.95626	2.86855	11.0654	-0.742685	11.05	-0.75	-1.00006	3.00021
10.9855	-0.628715	-1.35471	2.84823	10.8913	-0.655608	10.95	-0.649999	-1.81771	1.81773
10.8986	-0.504137	-1.37463	2.7674	10.8418	-0.549005	10.85	-0.549999	-1.81772	1.81773
10.8041	-0.355988	-1.5265	2.75677	10.827	-0.442912	10.75	-0.45	-1.81842	1.8184
10.7102	-0.26625	-1.53959	2.60281	10.6642	-0.353413	10.65	-0.35	-1.8184	1.81839
10.5309	-0.156152	-2.32428	2.53929	10.5503	-0.248633	10.5	-0.25	-3.00035	2.00024
10.4041	-0.0868019	-2.33762	2.39578	10.3487	-0.171899	10.35	-0.15	-3.00032	2.00022
10.2997	0.0356606	-2.23055	2.40547	10.2559	-0.115293	10.25	-0.0999996	-2.00053	1.00027
10.1811	0.0755029	-2.23496	2.20578	10.137	-0.0462889	10.15	-0.0499992	-2.00053	1.00027
10.0814	0.188086	-2.14	2.21508	10.0717	0.0165033	10.05	9.49949e-07	-2.00009	1.00004
9.96941	0.202994	-2.13882	1.97733	9.92833	0.0556031	9.95	0.0500011	-2.00006	1.00003
9.81436	0.291965	-2.51839	1.93597	9.8478	0.0279858	9.8	0.0500011	-3.00025	0
9.687	0.250812	-2.50669	1.59424	9.65029	0.0372757	9.65	0.0500011	-3.00024	0
9.53165	0.325774	-2.74094	1.57227	9.54682	0.0997641	9.5	0.100001	-2.99825	0.999409
9.3889	0.300846	-2.74083	1.31534	9.33515	0.138463	9.35	0.15	-2.99825	0.999409
9.29545	0.379593	-2.34067	1.34891	9.46113	0.134275	9.25	0.15	-1.81915	0
9.16679	0.336182	-2.33088	1.05792	9.13787	0.161547	9.15	0.15	-1.81913	0
9.00474	0.383523	-2.68538	1.02881	9.02723	0.196492	9	0.2	-2.99927	0.99976
8.86537	0.362226	-2.6885	0.848342	8.82128	0.250523	8.85	0.25	-2.99927	0.99976
8.7071	0.401946	-2.86049	0.834125	8.67607	0.247512	8.7	0.25	-2.99873	0
8.56479	0.366094	-2.85332	0.641978	8.54916	0.247046	8.55	0.25	-2.99871	0
8.42256	0.402475	-2.74407	0.649274	8.44086	0.253341	8.4	0.25	-2.72872	0
8.26773	0.365974	-2.7465	0.47043	8.2302	0.258614	8.25	0.25	-2.72871	0
8.11443	0.387885	-2.86478	0.461672	8.1066	0.204722	8.1	0.2	-2.99909	-0.9997
7.9717	0.298136	-2.8568	0.182248	7.94777	0.127954	7.95	0.15	-2.9991	-0.9997
7.81632	0.306652	-2.95322	0.177859	7.82213	0.149733	7.8	0.15	-3.00101	0
7.66524	0.251018	-2.95628	0.0178817	7.63383	0.15164	7.65	0.15	-3.00099	0
7.52471	0.251798	-2.77754	0.0218197	7.49691	0.101076	7.5	0.100001	-2.72698	-0.908982
7.37054	0.177046	-2.77791	-0.166257	7.35046	0.0656199	7.35	0.0500011	-2.72695	-0.908974
7.27139	0.16686	-2.43468	-0.165895	7.13188	-0.00451978	7.25	9.49949e-07	-2.00032	-1.00016
7.15152	0.0726087	-2.43052	-0.3788	7.14965	-0.0559868	7.15	-0.0499992	-2.0003	-1.00015
6.98068	0.0539861	-2.65698	-0.37357	6.77233	-0.150907	7	-0.15	-2.72534	-1.8169
6.83971	-0.073628	-2.64915	-0.638394	6.85872	-0.227918	6.85	-0.25	-2.72532	-1.81688
6.80711	-0.123831	-1.86018	-0.70048	6.70421	-0.347264	6.8	-0.349999	-1.00053	-2.00107
6.71924	-0.272141	-1.85702	-0.980803	6.74687	-0.441006	6.75	-0.449999	-1.00054	-2.00107
6.62713	-0.3211	-1.88126	-0.978706	6.72084	-0.550555	6.65	-0.549999	-2.00016	-2.00017
6.53337	-0.47065	-1.89044	-1.2275	6.54837	-0.624094	6.55	-0.65	-2.00016	-2.00017
6.50322	-0.557265	-1.37029	-1.33223	6.40088	-0.78131	6.5	-0.799999	-0.999884	-2.99963
6.43115	-0.755603	-1.39532	-1.65738	6.44859	-0.960126	6.45	-0.949999	-0.999884	-2.99963
6.40393	-0.861171	-1.0626	-1.75456	6.37766	-1.0844	6.4	-1.1	-0.999984	-2.99995
6.3434	-1.06298	-1.09878	-2.0351	6.35596	-1.24356	6.35	-1.25	-0.999969	-2.99992
6.36451	-1.21038	-0.554461	-2.23599	6.5527	-1.43518	6.35	-1.4	0	-3.00132
6.33072	-1.4091	-0.588233	-2.44839	6.35503	-1.55184	6.35	-1.55	0	-3.00129
6.31728	-1.55783	-0.442745	-2.51409	6.33086	-1.6454	6.35	-1.65	0	-1.81769
6.29914	-1.71353	-0.436519	-2.55522	6.34356	-1.7483	6.35	-1.75	0	-1.81769
6.32853	-1.88025	-0.0282066	-2.7541	6.34522	-1.96081	6.35	-1.95	0	-3.99976
6.32289	-2.05634	-0.0495152	-2.84647	6.34095	-2.12276	6.35	-2.15	0	-3.99972
6.31156	-2.19091	-0.125559	-2.80402	6.3068	-2.23646	6.35	-2.25	0	-2
6.31176	-2.33585	-0.115459	-2.81417	6.34785	-2.35274	6.35	-2.35	0	-1.99998
6.31261	-2.48357	-0.0454033	-2.85676	6.26272	-2.46894	6.35	-2.5	0	-3
6.31914	-2.62845	-0.0298921	-2.86004	6.36265	-2.64414	6.35	-2.65	0	-3
6.36223	-2.81295	0.345431	-3.10164	6.38105	-2.77438	6.4	-2.8	1.00003	-3.00012
6.39752	-2.9548	0.384763	-3.06751	6.461	-2.95066	6.45	-2.95	1.00003	-3.00009
6.45882	-3.14809	0.727337	-3.30239	6.50958	-3.15806	6.5	-3.15	0.999284	-3.99712
6.50286	-3.32437	0.737104	-3.32656	6.55345	-3.36165	6.55	-3.35	0.999284	-3.99712
6.52189	-3.48258	0.524058	-3.16733	6.64067	-3.46888	6.6	-3.45	0.909922	-1.81983
6.57986	-3.61296	0.599228	-3.06134	6.63536	-3.55462	6.65	-3.55	0.909917	-1.81984
6.63208	-3.78691	0.779193	-3.19346	6.70376	-3.69784	6.7	-3.7	0.999335	-2.99802
6.69971	-3.90469	0.853048	-3.09147	6.75151	-3.84595	6.75	-3.85	0.99934	-2.99802
6.73261	-4.06341	0.774561	-3.03256	6.65288	-3.91672	6.8	-4	0.908549	-2.72564
6.80302	-4.19585	0.843714	-2.94814	6.85764	-4.15466	6.85	-4.15	0.908537	-2.72561
6.82251	-4.33061	0.59847	-2.75603	6.9447	-4.2991	6.9	-4.25	0.90988	-1.81977
6.89401	-4.42445	0.698751	-2.61664	6.94846	-4.34203	6.95	-4.35	0.909876	-1.81975
6.95383	-4.57637	0.870742	-2.74863	7.09552	-4.55441	7	-4.5	1.00008	-3.00024
7.01411	-4.6875	0.914835	-2.68517	7.03506	-4.6461	7.05	-4.65	1.00008	-3.00024
7.10861	-4.86602	1.27534	-2.9734	7.25009	-4.88515	7.15	-4.8	1.99984	-2.99976
7.20358	-4.97821	1.35223	-2.88329	7.26242	-4.9318	7.25	-4.95	1.99984	-2.99976
7.23742	-5.0897	1.06006	-2.64492	7.33292	-5.08676	7.3	-5.05	1.00028	-2.00057
7.31293	-5.19411	1.11629	-2.57662	7.3521	-5.15533	7.35	-5.15	1.00028	-2.00056
7.36989	-5.32385	1.12411	-2.58275	7.40318	-5.28627	7.4	-5.3	1.00003	-3.00012
7.43083	-5.44833	1.13543	-2.57104	7.44098	-5.44336	7.45	-5.45	1.00004	-3.00012
7.49741	-5.58687	1.2316	-2.6521	7.46878	-5.50726	7.55	-5.55	1.99961	-1.99961
7.59351	-5.68524	1.31465	-2.56613	7.66561	-5.647	7.65	-5.65	1.9996	-1.9996
7.6533	-5.80756	1.25487	-2.51567	7.70927	-5.8194	7.7	-5.8	1.00027	-3.00084
7.7231	-5.93724	1.26738	-2.52224	7.75724	-5.96146	7.75	-5.95	1.00028	-3.00084
7.79157	-6.06921	1.34071	-2.58563	7.71187	-5.94164	7.85	-6.05	1.9998	-1.99981
7.88746	-6.1723	1.40947	-2.51919	7.95005	-6.14609	7.95	-6.15	1.9998	-1.9998
7.934	-6.27509	1.19763	-2.33645	8.03808	-6.28852	8	-6.25	1.00004	-2.00008
8.01027	-6.37598	1.23718	-2.29643	8.04346	-6.35767	8.05	-6.35	1.00004	-2.00008
8.11199	-6.52839	1.56123	-2.57727	8.1071	-6.48544	8.15	-6.5	1.99951	-2.99928
8.20683	-6.65044	1.59794	-2.557	8.25742	-6.66007	8.25	-6.65	1.9995	-2.99925
8.25204	-6.74965	1.22578	-2.22942	8.38768	-6.7963	8.3	-6.75	0.90921	-1.81841
8.32292	-6.8701	1.23373	-2.22366	8.33159	-6.8699	8.35	-6.85	0.90921	-1.81841
8.41053	-7.00502	1.38914	-2.36143	8.58336	-7.15056	8.4	-7	1.0001	-3.00036
8.4707	-7.13462	1.36565	-2.38957	8.45779	-7.15285	8.45	-7.15	1.00011	-3.00036
8.54225	-7.25853	1.43983	-2.45775	8.37938	-7.10665	8.55	-7.25	1.99907	-1.99908
8.62703	-7.36696	1.47169	-2.4221	8.647	-7.3454	8.65	-7.35	1.99908	-1.99908
8.71011	-7.497	1.52834	-2.47385	8.76035	-7.57239	8.7	-7.5	1.00058	-3.00174
8.77526	-7.63524	1.49951	-2.5092	8.76121	-7.66039	8.75	-7.65	1.00057	-3.00171
8.81787	-7.72785	1.23878	-2.26484	8.81118	-7.75569	8.8	-7.75	0.999844	-1.99968
8.87085	-7.84389	1.21923	-2.27386	8.84363	-7.83628	8.85	-7.85	0.999844	-1.99968
8.9843	-8.01078	1.60971	-2.64442	9.07758	-8.1058	8.95	-8	2.00017	-3.00024
9.05972	-8.14888	1.59693	-2.65877	9.05238	-8.15838	9.05	-8.15	2.00014	-3.00021
9.10252	-8.24348	1.31014	-2.382	9.05557	-8.22632	9.1	-8.25	0.998905	-1.99781
9.16591	-8.36098	1.30628	-2.37904	9.15492	-8.35136	9.15	-8.35	0.998886	-1.99779
9.23439	-8.48788	1.2562	-2.33012	9.30408	-8.57245	9.2	-8.5	0.908863	-2.72657
9.28652	-8.63035	1.21521	-2.36626	9.2543	-8.64461	9.25	-8.65	0.908855	-2.72655
9.34341	-8.75077	1.17673	-2.32859	9.15971	-8.67035	9.3	-8.8	0.909475	-2.72841
9.38328	-8.90726	1.11394	-2.39763	9.35164	-8.95148	9.35	-8.95	0.909466	-2.72839
9.46508	-9.05575	1.30077	-2.58858	9.47941	-9.179	9.4	-9.1	0.999765	-2.99935
9.49898	-9.2118	1.22506	-2.65556	9.44272	-9.24111	9.45	-9.25	0.999774	-2.99934
9.5322	-9.31826	0.941787	-2.35766	9.53008	-9.38561	9.5	-9.35	0.908962	-1.81792
9.58277	-9.44589	0.939934	-2.35367	9.5752	-9.43724	9.55	-9.45	0.908954	-1.8179
9.63685	-9.57807	0.960259	-2.3753	9.60163	-9.60777	9.6	-9.6	0.909988	-2.72996
9.66608	-9.72977	0.902309	-2.4278	9.62903	-9.75552	9.65	-9.75	0.909971	-2.72993
9.72662	-9.87636	0.990607	-2.52381	9.69155	-9.89958	9.7	-9.9	0.907972	-2.7239
9.76656	-10.0288	0.954421	-2.55692	9.74482	-10.046	9.75	-10.05	0.907972	-2.72391
9.7939	-10.1395	0.770847	-2.35392	9.69256	-10.1336	9.75	-10.2	0	-2.73106
9.80115	-10.3024	0.683253	-2.43592	9.75264	-10.3488	9.75	-10.35	0	-2.73105
9.86519	-10.4618	0.921681	-2.70871	9.82419	-10.5024	9.8	-10.5	1	-2.99999
9.8814	-10.6219	0.848304	-2.77015	9.83234	-10.6514	9.85	-10.65	0.999994	-2.99996
9.9119	-10.7453	0.763407	-2.67054	9.825	-10.7525	9.85	-10.8	0	-3.00047
9.91113	-10.9129	0.666612	-2.75426	9.85033	-10.9603	9.85	-10.95	0	-3.00048
9.90773	-11.0001	0.341948	-2.36013	9.91881	-11.1448	9.85	-11.05	0	-1.9956
9.90224	-11.1344	0.287014	-2.40089	9.86057	-11.1502	9.85	-11.15	0	-1.99559
9.91642	-11.2644	0.282219	-2.39525	9.83851	-11.2795	9.85	-11.3	0	-2.73184
9.89727	-11.4213	0.19738	-2.45883	9.83839	-11.4483	9.85	-11.45	0	-2.73182
9.90294	-11.5388	0.16854	-2.42251	9.79654	-11.5922	9.8	-11.6	-0.998566	-2.9957
9.85403	-11.7017	0.0277487	-2.52663	9.75592	-11.7487	9.75	-11.75	-0.998566	-2.99569
9.86115	-11.8491	0.0738176	-2.588	9.77699	-11.9246	9.75	-11.9	0	-2.73084
9.82511	-12.0193	-0.0246921	-2.65806	9.75861	-12.0491	9.75	-12.05	0	-2.73085
9.78972	-12.1129	-0.301713	-2.27936	9.63743	-12.1863	9.65	-12.2	-1.81598	-2.72396
9.69402	-12.2915	-0.495996	-2.41179	9.56514	-12.3446	9.55	-12.35	-1.81597	-2.72396
9.62281	-12.3499	-0.870573	-1.87241	9.47157	-12.4849	9.45	-12.45	-1.82132	-1.82133
9.49045	-12.503	-1.07694	-1.99958	9.34752	-12.5408	9.35	-12.55	-1.82131	-1.82131
9.4289	-12.6089	-1.10074	-1.96367	9.32154	-12.7193	9.3	-12.65	-0.908038	-1.81606
9.32338	-12.7383	-1.20889	-2.01949	9.24151	-12.7411	9.25	-12.75	-0.908029	-1.81605
9.20614	-12.7545	-1.63007	-1.35423	9.04013	-12.7738	9.05	-12.85	-3.64007	-1.82004
9.01007	-12.8903	-1.89169	-1.50738	8.83995	-12.9425	8.85	-12.95	-3.64007	-1.82003
8.89754	-12.9287	-2.04539	-1.24615	8.73518	-13.0163	8.75	-13	-1.9959	-0.997948
8.73848	-13.019	-2.18333	-1.31751	8.6395	-13.0341	8.65	-13.05	-1.9959	-0.997948
8.59895	-13.0481	-2.34891	-1.02101	8.48414	-13.0416	8.5	-13.1	-2.73149	-0.910502
8.42191	-13.1283	-2.46687	-1.08139	8.34268	-13.1451	8.35	-13.15	-2.73146	-0.910485
8.27906	-13.1713	-2.52772	-0.966678	8.19497	-13.1991	8.2	-13.2	-2.72385	-0.907955
8.11102	-13.236	-2.5978	-0.996552	8.06107	-13.2364	8.05	-13.25	-2.72383	-0.907947
7.94625	-13.2362	-2.78723	-0.619586	7.88931	-13.1791	7.9	-13.25	-2.72673	0
7.78274	-13.2677	-2.80973	-0.617106	7.75593	-13.2425	7.75	-13.25	-2.72673	0
7.61022	-13.2561	-2.95309	-0.319409	7.52542	-13.1457	7.6	-13.25	-2.72991	0
7.45294	-13.264	-2.9382	-0.29963	7.44992	-13.2329	7.45	-13.25	-2.72991	0
7.2592	-13.1912	-3.22656	0.32979	7.19347	-13.1392	7.25	-13.2	-3.63887	0.909723
7.0732	-13.173	-3.24658	0.327978	7.05468	-13.1604	7.05	-13.15	-3.63887	0.909723
6.90487	-13.1879	-3.13992	0.0806438	6.90569	-13.1515	6.9	-13.15	-2.72312	0
6.73682	-13.1728	-3.12482	0.101967	6.73255	-13.1364	6.75	-13.15	-2.72312	0
6.58642	-13.1796	-3.11005	0.0687789	6.69426	-13.3705	6.6	-13.15	-3.00475	0
6.43286	-13.1695	-3.10366	0.0814366	6.42749	-13.1436	6.45	-13.15	-3.00472	0
6.27401	-13.1486	-3.15998	0.231332	6.4246	-13.2048	6.35	-13.1	-1.9976	0.998786
6.17172	-13.108	-3.01884	0.297396	6.2503	-13.0552	6.25	-13.05	-1.99758	0.998786
6.00169	-13.0725	-3.08412	0.474634	6.162	-13.1569	6.1	-13	-2.72732	0.909111
5.88598	-13.0136	-2.9464	0.547133	5.95166	-12.9396	5.95	-12.95	-2.72732	0.909111
5.71759	-12.9614	-3.00244	0.700981	5.78184	-12.8825	5.8	-12.9	-2.72895	0.909657
5.59571	-12.8977	-2.89258	0.756647	5.64785	-12.8416	5.65	-12.85	-2.72896	0.909648
5.42609	-12.8152	-2.99997	1.06568	5.54035	-12.7925	5.55	-12.75	-1.81808	1.81809
5.33775	-12.7206	-2.80735	1.14754	5.43842	-12.6552	5.45	-12.65	-1.81809	1.81809
5.17422	-12.623	-2.89751	1.41119	5.33087	-12.5965	5.3	-12.55	-2.7236	1.81575
5.0634	-12.5175	-2.77347	1.47225	5.12059	-12.4527	5.15	-12.45	-2.72358	1.81572
4.91564	-12.4479	-2.76251	1.4434	5.13793	-12.5907	5.05	-12.35	-1.81967	1.81966
4.84883	-12.3246	-2.5475	1.54083	4.95241	-12.2277	4.95	-12.25	-1.81967	1.81967
4.69606	-12.1933	-2.65849	1.87831	4.81467	-12.1072	4.85	-12.1	-1.81844	2.72766
4.63955	-12.0468	-2.43261	1.97477	4.75144	-11.9561	4.75	-11.95	-1.81844	2.72767
4.51298	-11.9661	-2.35121	1.72819	4.6829	-11.7433	4.7	-11.85	-0.909557	1.8191
4.50826	-11.8237	-2.04134	1.83909	4.67603	-11.7496	4.65	-11.75	-0.909553	1.81911
4.39146	-11.7073	-2.08212	1.96051	4.61619	-11.6508	4.6	-11.6	-0.907782	2.72335
4.39399	-11.5471	-1.78854	2.07985	4.5432	-11.4431	4.55	-11.45	-0.907778	2.72334
4.27104	-11.3603	-1.97215	2.59936	4.48104	-11.1618	4.5	-11.25	-0.910253	3.64099
4.285	-11.1658	-1.66708	2.72012	4.44374	-11.0696	4.45	-11.05	-0.910253	3.64099
4.22643	-11.1037	-1.41528	2.04609	4.46178	-10.9843	4.45	-10.95	0	1.81804
4.2756	-10.9423	-1.10052	2.1641	4.4464	-10.8663	4.45	-10.85	0	1.81805
4.23859	-10.8782	-0.971416	1.8416	4.60972	-11.1274	4.45	-10.75	0	1.81614
4.29596	-10.7273	-0.695466	1.95934	4.43858	-10.6346	4.45	-10.65	0	1.81614
4.22583	-10.5495	-0.917567	2.48928	4.43099	-10.4242	4.45	-10.45	0	3.6396
4.29489	-10.3556	-0.620017	2.62532	4.44616	-10.2449	4.45	-10.25	0	3.6396
4.27508	-10.2382	-0.522662	2.41262	4.52156	-10.1192	4.5	-10.1	0.910021	2.73005
4.37861	-10.0456	-0.195487	2.56033	4.55225	-9.94382	4.55	-9.95	0.910013	2.73003
4.36709	-9.91335	-0.200785	2.57286	4.5897	-9.73456	4.6	-9.8	0.999085	2.99725
4.47593	-9.73245	0.0916469	2.70562	4.64586	-9.65356	4.65	-9.65	0.99908	2.99724
4.51424	-9.63011	0.324279	2.28498	4.61159	-9.38621	4.7	-9.55	0.910095	1.82021
4.61535	-9.47486	0.525875	2.36749	4.7442	-9.45683	4.75	-9.45	0.910091	1.82018
4.64492	-9.35987	0.549989	2.32827	4.80746	-9.23434	4.85	-9.3	1.99828	2.99743
4.77708	-9.20004	0.80338	2.44666	4.94202	-9.15915	4.95	-9.15	1.99826	2.99739
4.81637	-9.06026	0.762421	2.5099	5.03379	-9.03255	5	-9	0.908384	2.72514
4.9387	-8.88419	0.956891	2.61186	5.06039	-8.84271	5.05	-8.85	0.908384	2.72514
5.03734	-8.79132	1.23393	2.22088	5.21058	-8.83852	5.15	-8.75	1.81679	1.8168
5.16368	-8.64899	1.37202	2.28199	5.26598	-8.6555	5.25	-8.65	1.81679	1.8168
5.2409	-8.52569	1.37974	2.27222	5.33786	-8.49992	5.35	-8.5	1.82017	2.73024
5.36207	-8.37887	1.4877	2.33358	5.43516	-8.36367	5.45	-8.35	1.82015	2.73022
5.46909	-8.2743	1.63899	2.15169	5.58025	-8.28767	5.55	-8.25	1.81852	1.81852
5.58954	-8.14856	1.70851	2.17886	5.65225	-8.1686	5.65	-8.15	1.8185	1.8185
5.70888	-8.05222	1.85083	2.01891	5.83663	-8.14888	5.75	-8.05	1.81752	1.81753
5.8099	-7.94366	1.84835	2.01345	5.81186	-7.95139	5.85	-7.95	1.81752	1.81752
5.92404	-7.84464	1.9155	1.94173	5.99151	-7.92468	5.95	-7.85	1.8194	1.8194
6.03349	-7.73895	1.92433	1.94142	6.04627	-7.74932	6.05	-7.75	1.81941	1.8194
6.10844	-7.60691	1.73987	2.12497	6.05883	-7.47931	6.15	-7.6	1.81742	2.72613
6.2288	-7.46869	1.79899	2.17964	6.26179	-7.43797	6.25	-7.45	1.8174	2.72611
6.37378	-7.37838	2.11346	1.89398	6.3458	-7.29797	6.4	-7.35	2.7248	1.81653
6.51306	-7.25809	2.16694	1.93756	6.55234	-7.24441	6.55	-7.25	2.72477	1.81651
6.6559	-7.16566	2.32672	1.80417	6.61964	-7.17343	6.65	-7.2	1.81957	0.909789
6.76166	-7.0965	2.2719	1.73098	6.74556	-7.15305	6.75	-7.15	1.81957	0.909785
6.90156	-7.01098	2.36657	1.65452	6.91901	-7.04822	6.9	-7.05	2.72946	1.81964
7.04008	-6.92152	2.38397	1.65526	7.06886	-6.94012	7.05	-6.95	2.72946	1.81964
7.13998	-6.81296	2.17269	1.81341	7.12574	-6.81829	7.15	-6.85	1.81554	1.81554
7.25453	-6.72179	2.15977	1.7924	7.25262	-6.73852	7.25	-6.75	1.81554	1.81554
7.3571	-6.61436	2.05622	1.86623	7.30586	-6.61905	7.35	-6.65	1.82007	1.82007
7.4634	-6.52168	2.03991	1.84186	7.45762	-6.53827	7.45	-6.55	1.82005	1.82005
7.63344	-6.44916	2.43976	1.5728	7.59546	-6.48319	7.6	-6.5	2.72628	0.908764
7.75063	-6.39351	2.39701	1.49774	7.74315	-6.44913	7.75	-6.45	2.72628	0.908764
7.87485	-6.30808	2.33533	1.5364	7.8486	-6.40709	7.85	-6.4	1.81656	0.908285
7.97747	-6.26775	2.27158	1.42756	7.9584	-6.34152	7.95	-6.35	1.81656	0.908281
8.10355	-6.18985	2.28346	1.42004	8.05398	-6.23227	8.1	-6.25	2.73006	1.82003
8.22957	-6.12193	2.28203	1.39791	8.24773	-6.1485	8.25	-6.15	2.73005	1.82003
8.36641	-6.04911	2.37737	1.34278	8.32369	-5.98136	8.4	-6.05	2.72692	1.81795
8.51506	-5.95694	2.41764	1.39123	8.55156	-5.93992	8.55	-5.95	2.7269	1.81794
8.61491	-5.86736	2.18249	1.51859	8.63806	-5.84559	8.65	-5.85	1.81844	1.81844
8.74328	-5.77077	2.20217	1.55151	8.7543	-5.75242	8.75	-5.75	1.81843	1.81843
8.88857	-5.69552	2.34784	1.47667	9.00947	-5.71389	8.9	-5.65	2.72464	1.81643
9.03635	-5.58373	2.3913	1.55341	9.06113	-5.54128	9.05	-5.55	2.72465	1.81643
9.13931	-5.48873	2.19409	1.646	9.13937	-5.44533	9.15	-5.45	1.81916	1.81918
9.26301	-5.37728	2.20485	1.69526	9.24452	-5.3352	9.25	-5.35	1.81916	1.81916
9.38267	-5.28225	2.2218	1.68848	9.26221	-5.25032	9.35	-5.3	1.81895	0.909466
9.48199	-5.22147	2.1711	1.60579	9.43645	-5.25801	9.45	-5.25	1.81894	0.90947
9.56081	-5.12269	1.83752	1.74625	9.71784	-5.19928	9.55	-5.1	1.81986	2.72981
9.66626	-5.0008	1.8516	1.80811	9.64908	-4.9531	9.65	-4.95	1.81987	2.72981
9.76126	-4.89818	1.82924	1.81765	9.67182	-4.82288	9.75	-4.85	1.81736	1.81735
9.8679	-4.77861	1.84452	1.86545	9.86682	-4.74721	9.85	-4.75	1.81736	1.81735
9.96175	-4.67389	1.79606	1.88305	9.94653	-4.64316	9.95	-4.65	1.81806	1.81805
10.0652	-4.55909	1.80698	1.91104	10.0706	-4.54316	10.05	-4.55	1.81805	1.81805
10.2295	-4.46963	2.23116	1.76959	10.4074	-4.52899	10.2	-4.45	2.72609	1.8174
10.3522	-4.36493	2.23232	1.78687	10.3431	-4.35107	10.35	-4.35	2.72606	1.81737
10.3733	-4.24756	1.49588	2.01001	10.3837	-4.17982	10.4	-4.2	0.908945	2.72688
10.4616	-4.11107	1.51124	2.0735	10.4578	-4.07071	10.45	-4.05	0.908953	2.72687
10.5764	-4.00181	1.75345	2.00656	10.5531	-3.94939	10.55	-3.95	1.81903	1.81904
10.6706	-3.87418	1.75206	2.04724	10.6424	-3.84126	10.65	-3.85	1.81902	1.81903
10.7537	-3.75804	1.69946	2.06146	10.6157	-3.63689	10.75	-3.7	1.81931	2.72896
10.8569	-3.60233	1.72319	2.16604	10.8572	-3.53957	10.85	-3.55	1.81931	2.72896
10.8954	-3.48812	1.40508	2.23513	10.8149	-3.35552	10.9	-3.4	0.999745	2.99928
10.9688	-3.32846	1.41711	2.35143	10.9372	-3.24816	10.95	-3.25	0.999754	2.99928
11.08	-3.19892	1.71294	2.29857	10.9078	-3.10703	11.05	-3.15	1.81764	1.81765
11.1678	-3.06875	1.70182	2.30589	11.135	-3.05697	11.15	-3.05	1.81763	1.81764
11.2072	-2.93899	1.31717	2.36811	11.1507	-2.87978	11.2	-2.9	0.909657	2.72896
11.2791	-2.78378	1.31845	2.42895	11.2571	-2.74346	11.25	-2.75	0.909648	2.72893
11.2049	-2.65974	0.269425	2.57059	11.2614	-2.58697	11.2	-2.6	-0.998725	2.99617
11.2081	-2.50416	0.253562	2.63385	11.1393	-2.45312	11.15	-2.45	-0.998725	2.99616
11.2666	-2.35858	0.598315	2.5956	11.2346	-2.28949	11.2	-2.3	0.908813	2.72643
11.291	-2.19803	0.584121	2.63727	11.239	-2.16508	11.25	-2.15	0.908805	2.7264
11.3363	-2.05053	0.73319	2.62636	11.1623	-1.9797	11.3	-2	0.909855	2.72956
11.3726	-1.88499	0.726895	2.67767	11.3424	-1.85113	11.35	-1.85	0.909847	2.72953
